123, 129, 128, 
2501, 2502, 60, 
2529, 2528, 68, 
2634, 2633, 60, 
61, 71, 70, 
2310, 2309, 63, 
2658, 2657, 64, 
65, 75, 74, 
66, 76, 75, 
2519, 2520, 76, 
2511, 2503, 58, 
2528, 2527, 78, 
2635, 2634, 70, 
71, 81, 80, 
2311, 2310, 73, 
2659, 2658, 74, 
75, 85, 84, 
76, 86, 85, 
2520, 2518, 86, 
2510, 2511, 68, 
72, 71, 61, 
82, 81, 71, 
152, 151, 138, 
2527, 2526, 89, 
2641, 2635, 80, 
91, 80, 81, 
92, 81, 82, 
114, 115, 93, 
2662, 2659, 84, 
95, 84, 85, 
96, 85, 86, 
2518, 2517, 97, 
2510, 2509, 98, 
2517, 2516, 102, 
103, 96, 97, 
104, 95, 96, 
2661, 2662, 95, 
115, 116, 106, 
107, 92, 93, 
108, 91, 92, 
2640, 2641, 91, 
2509, 2508, 101, 
2526, 2525, 113, 
88, 114, 82, 
2312, 2311, 83, 
2313, 2312, 94, 
117, 88, 72, 
126, 125, 119, 
125, 124, 118, 
127, 126, 120, 
128, 127, 121, 
124, 140, 141, 
124, 129, 123, 
133, 136, 137, 
134, 135, 136, 
131, 138, 139, 
140, 124, 125, 
130, 141, 111, 
134, 100, 110, 
124, 130, 99, 
99, 142, 128, 
142, 143, 127, 
143, 144, 126, 
126, 144, 131, 
112, 145, 99, 
145, 146, 142, 
146, 147, 143, 
147, 149, 148, 
2531, 2530, 100, 
143, 148, 150, 
2532, 2531, 134, 
2534, 2533, 132, 
131, 144, 150, 
2533, 2532, 133, 
170, 171, 2683, 
169, 170, 2672, 
168, 169, 2680, 
2972, 2535, 168, 
166, 167, 2674, 
163, 172, 111, 
165, 166, 2675, 
164, 163, 141, 
164, 165, 2676, 
163, 164, 2677, 
165, 164, 140, 
166, 165, 139, 
167, 166, 138, 
2535, 2534, 137, 
169, 168, 137, 
170, 169, 136, 
171, 170, 135, 
172, 163, 2678, 
173, 215, 214, 
174, 214, 213, 
175, 213, 212, 
176, 212, 211, 
2413, 2412, 177, 
178, 210, 209, 
179, 209, 208, 
261, 260, 180, 
181, 207, 206, 
2698, 361, 216, 
184, 205, 204, 
187, 202, 201, 
188, 201, 200, 
189, 200, 199, 
190, 199, 198, 
191, 198, 197, 
192, 197, 196, 
193, 196, 195, 
2592, 2589, 185, 
203, 202, 187, 
216, 182, 206, 
2543, 2542, 202, 
194, 195, 154, 
154, 219, 2682, 
2579, 2578, 174, 
2580, 2579, 175, 
2581, 2580, 176, 
2412, 2411, 2581, 
2583, 2582, 178, 
2584, 2583, 179, 
2585, 2584, 180, 
2586, 2587, 228, 
2587, 2576, 229, 
2576, 2575, 2702, 
2573, 2572, 2588, 
2569, 2568, 233, 
2568, 2567, 234, 
2567, 2566, 235, 
2566, 2565, 236, 
2565, 2564, 237, 
2564, 2563, 238, 
2563, 2562, 239, 
2562, 2561, 240, 
2561, 2560, 241, 
2574, 2573, 231, 
2560, 2974, 2673, 
316, 315, 242, 
2417, 2416, 244, 
243, 244, 246, 
245, 246, 248, 
247, 248, 250, 
315, 314, 251, 
2416, 2415, 252, 
2415, 2414, 313, 
313, 312, 253, 
312, 311, 254, 
311, 319, 255, 
319, 320, 256, 
252, 253, 246, 
253, 254, 248, 
248, 254, 255, 
250, 255, 256, 
250, 257, 258, 
2578, 2577, 173, 
260, 261, 207, 
2586, 2585, 260, 
318, 316, 153, 
2418, 2417, 243, 
243, 245, 265, 
245, 247, 266, 
247, 249, 267, 
249, 258, 268, 
267, 268, 270, 
267, 269, 271, 
266, 271, 272, 
265, 272, 273, 
2419, 2418, 264, 
317, 318, 263, 
2542, 2541, 201, 
2541, 2540, 200, 
2540, 2539, 199, 
2539, 2538, 198, 
2538, 2537, 197, 
2537, 2536, 196, 
103, 102, 156, 
156, 280, 276, 
280, 281, 277, 
281, 282, 278, 
282, 283, 279, 
283, 158, 157, 
158, 283, 284, 
283, 282, 285, 
282, 281, 286, 
281, 280, 287, 
280, 156, 288, 
156, 102, 289, 
159, 284, 290, 
284, 285, 291, 
285, 286, 292, 
286, 287, 293, 
287, 288, 294, 
288, 289, 295, 
294, 295, 297, 
294, 296, 298, 
293, 298, 299, 
292, 299, 300, 
291, 300, 301, 
290, 301, 161, 
161, 301, 302, 
301, 300, 303, 
300, 299, 304, 
299, 298, 305, 
298, 296, 306, 
296, 297, 307, 
2547, 2546, 2592, 
2548, 2547, 204, 
2973, 2548, 205, 
319, 311, 213, 
311, 312, 212, 
312, 313, 211, 
2414, 2413, 211, 
314, 315, 209, 
315, 316, 208, 
316, 318, 261, 
318, 317, 207, 
320, 319, 214, 
206, 207, 317, 
321, 317, 274, 
2420, 2419, 273, 
323, 273, 272, 
272, 271, 325, 
271, 269, 326, 
269, 270, 327, 
344, 345, 2688, 
343, 344, 2687, 
342, 343, 2689, 
341, 342, 2690, 
2422, 2409, 2692, 
339, 340, 2692, 
338, 339, 2693, 
337, 338, 2695, 
2699, 364, 2685, 
2557, 2558, 183, 
2557, 2556, 339, 
2556, 2555, 340, 
2421, 2422, 340, 
2554, 2553, 342, 
2553, 2552, 343, 
2552, 2551, 344, 
2551, 2550, 345, 
346, 336, 2685, 
2596, 2595, 2655, 
348, 347, 104, 
349, 348, 103, 
350, 349, 275, 
351, 350, 276, 
352, 351, 277, 
353, 352, 278, 
2696, 353, 279, 
355, 354, 2674, 
356, 355, 167, 
357, 356, 151, 
358, 357, 152, 
359, 358, 150, 
360, 359, 148, 
2697, 362, 205, 
2558, 2549, 2698, 
2700, 363, 337, 
2975, 2574, 230, 
366, 2709, 2707, 
368, 2706, 2705, 
369, 2705, 2723, 
370, 2723, 2722, 
371, 2722, 2721, 
372, 2721, 2720, 
373, 2720, 2718, 
374, 2718, 2717, 
2967, 2606, 375, 
2704, 389, 2714, 
377, 2714, 2713, 
2429, 2428, 2711, 
379, 2711, 2710, 
380, 2710, 2709, 
2373, 2964, 2706, 
2375, 2374, 431, 
2376, 2375, 430, 
2377, 2376, 429, 
2378, 2377, 428, 
2380, 2379, 427, 
2381, 2380, 426, 
2394, 2393, 2742, 
2392, 2391, 416, 
2391, 2390, 2746, 
2390, 2389, 418, 
2389, 2388, 419, 
2388, 2387, 420, 
2387, 2386, 421, 
2386, 2385, 422, 
2965, 2383, 423, 
2383, 2382, 424, 
2382, 2381, 425, 
2606, 2395, 414, 
2374, 2373, 368, 
2966, 2392, 415, 
10, 9, 479, 
11, 10, 480, 
12, 11, 481, 
13, 12, 482, 
14, 13, 483, 
3, 2, 472, 
6, 5, 475, 
8, 7, 477, 
9, 8, 478, 
16, 15, 484, 
444, 445, 441, 
2, 1, 471, 
0, 29, 470, 
7, 6, 476, 
5, 4, 474, 
4, 3, 473, 
17, 16, 485, 
28, 2670, 432, 
28, 27, 468, 
26, 25, 467, 
25, 24, 466, 
24, 23, 465, 
23, 22, 464, 
22, 21, 463, 
2669, 19, 443, 
19, 18, 444, 
18, 17, 445, 
443, 444, 442, 
2629, 2981, 443, 
464, 463, 447, 
465, 464, 448, 
466, 465, 449, 
467, 466, 450, 
593, 594, 467, 
469, 468, 456, 
470, 469, 459, 
576, 578, 470, 
472, 471, 453, 
473, 472, 454, 
474, 473, 455, 
475, 474, 460, 
476, 475, 457, 
477, 476, 458, 
478, 477, 461, 
479, 478, 462, 
480, 479, 434, 
481, 480, 435, 
482, 481, 436, 
483, 482, 524, 
2668, 2665, 483, 
485, 484, 439, 
445, 485, 440, 
2632, 2629, 446, 
453, 487, 486, 
486, 487, 489, 
488, 489, 491, 
490, 491, 493, 
490, 492, 495, 
490, 494, 496, 
488, 496, 507, 
454, 486, 498, 
486, 488, 497, 
455, 498, 499, 
460, 499, 500, 
457, 500, 501, 
458, 501, 502, 
461, 502, 503, 
462, 503, 504, 
434, 504, 505, 
435, 505, 506, 
497, 507, 499, 
507, 508, 500, 
508, 509, 501, 
509, 510, 502, 
510, 511, 503, 
511, 512, 504, 
512, 513, 505, 
513, 514, 506, 
492, 493, 516, 
515, 516, 518, 
517, 518, 520, 
519, 520, 522, 
521, 522, 524, 
523, 524, 436, 
506, 514, 525, 
523, 525, 526, 
521, 526, 527, 
519, 527, 528, 
517, 528, 529, 
515, 529, 495, 
2654, 2653, 105, 
2314, 2313, 105, 
2652, 2651, 106, 
2651, 2650, 107, 
2650, 2649, 108, 
2649, 2648, 533, 
2640, 2639, 535, 
2525, 2524, 536, 
2508, 2507, 537, 
2516, 2515, 289, 
2515, 2514, 295, 
2514, 2513, 297, 
2513, 2512, 307, 
2507, 2506, 538, 
2506, 2505, 539, 
2505, 2504, 540, 
2524, 2523, 541, 
2523, 2522, 542, 
2522, 2521, 543, 
2639, 2638, 544, 
2638, 2637, 545, 
2637, 2636, 546, 
2648, 2647, 547, 
2647, 2646, 548, 
2646, 2645, 549, 
511, 510, 556, 
510, 509, 557, 
509, 508, 558, 
508, 507, 559, 
507, 496, 560, 
496, 494, 561, 
494, 495, 562, 
495, 529, 563, 
529, 528, 564, 
528, 527, 565, 
527, 526, 566, 
526, 525, 567, 
525, 514, 568, 
513, 554, 568, 
513, 512, 553, 
512, 511, 555, 
2631, 2632, 442, 
569, 570, 449, 
449, 570, 571, 
450, 571, 572, 
591, 593, 451, 
456, 573, 574, 
459, 574, 575, 
577, 576, 452, 
576, 577, 487, 
578, 576, 453, 
1, 0, 578, 
2395, 2394, 579, 
487, 577, 491, 
577, 575, 493, 
575, 574, 516, 
574, 573, 518, 
592, 591, 572, 
572, 571, 582, 
571, 570, 583, 
570, 569, 584, 
2631, 2630, 584, 
441, 440, 586, 
440, 439, 587, 
2667, 2668, 438, 
438, 524, 522, 
522, 520, 589, 
591, 592, 518, 
2173, 2947, 2948, 
2667, 2666, 590, 
2174, 2946, 2947, 
593, 591, 573, 
594, 593, 456, 
27, 26, 594, 
2175, 2945, 2946, 
2176, 2944, 2945, 
2177, 2943, 2944, 
2178, 2181, 2943, 
2941, 2181, 2178, 
2143, 2142, 2216, 
2144, 2143, 2218, 
2145, 2144, 2220, 
2146, 2145, 2222, 
2147, 2146, 2224, 
2148, 2147, 2226, 
2149, 2148, 2228, 
2150, 2149, 2230, 
2151, 2150, 2232, 
2152, 2151, 2234, 
2153, 2152, 2236, 
2154, 2153, 2238, 
2194, 2233, 2231, 
2193, 2235, 2233, 
2192, 2237, 2235, 
2195, 2239, 2237, 
2192, 2193, 2198, 
2195, 2192, 2197, 
2194, 2199, 2198, 
2200, 2201, 2199, 
2195, 2305, 2289, 
2196, 2297, 2305, 
2197, 2299, 2297, 
2198, 2303, 2299, 
2199, 2325, 2303, 
2325, 2199, 2201, 
2202, 2200, 2231, 
2203, 2201, 2200, 
2323, 2327, 2201, 
2204, 2202, 2229, 
2205, 2203, 2202, 
2322, 2323, 2203, 
2206, 2204, 2227, 
2207, 2205, 2204, 
2321, 2322, 2205, 
2208, 2206, 2225, 
2209, 2207, 2206, 
2268, 2321, 2207, 
2210, 2208, 2223, 
2211, 2209, 2208, 
2266, 2268, 2209, 
2212, 2210, 2221, 
2214, 2211, 2210, 
2264, 2266, 2211, 
2213, 2212, 2219, 
2215, 2214, 2212, 
2262, 2264, 2214, 
2218, 2216, 2217, 
2220, 2218, 2219, 
2222, 2220, 2221, 
2224, 2222, 2223, 
2226, 2224, 2225, 
2228, 2226, 2227, 
2230, 2228, 2229, 
2232, 2230, 2231, 
2234, 2232, 2233, 
2236, 2234, 2235, 
2238, 2236, 2237, 
2239, 2289, 2307, 
2242, 2238, 2239, 
2293, 2242, 2240, 
2155, 2154, 2242, 
2137, 2136, 2243, 
2138, 2137, 2244, 
2139, 2138, 2245, 
2140, 2139, 2246, 
2141, 2140, 2247, 
2157, 2141, 2248, 
2939, 2157, 2249, 
2156, 2155, 2293, 
2252, 2257, 2265, 
2957, 2256, 2257, 
2254, 2255, 2958, 
2359, 2360, 2255, 
2360, 2365, 2258, 
2958, 2255, 2258, 
2257, 2256, 2259, 
2265, 2257, 2261, 
2260, 2320, 2267, 
2258, 2365, 2400, 
2959, 2258, 2401, 
2261, 2259, 2402, 
2260, 2404, 2405, 
2403, 2404, 2260, 
2264, 2262, 2263, 
2266, 2264, 2265, 
2268, 2266, 2267, 
2321, 2268, 2320, 
2322, 2321, 2405, 
2323, 2322, 2406, 
2397, 2407, 2329, 
2285, 2407, 2397, 
2285, 390, 2719, 
2269, 2270, 328, 
2270, 2271, 330, 
2271, 2272, 331, 
2272, 2273, 332, 
2273, 2274, 2970, 
2274, 2275, 333, 
2275, 2276, 2694, 
2960, 2277, 335, 
2277, 2278, 2356, 
2278, 2279, 2357, 
2279, 2280, 2358, 
2280, 2281, 2351, 
2281, 2282, 2350, 
2282, 2283, 2349, 
2283, 2284, 2333, 
2284, 2287, 2332, 
2280, 2279, 2294, 
2288, 2306, 2290, 
2294, 2295, 2318, 
2281, 2280, 2290, 
2296, 2291, 2290, 
2291, 2296, 2298, 
2282, 2281, 2291, 
2300, 2292, 2298, 
2283, 2282, 2292, 
2276, 2275, 2352, 
2279, 2278, 2295, 
2297, 2296, 2306, 
2296, 2297, 2299, 
2301, 2300, 2304, 
2302, 2301, 2324, 
2302, 2326, 2328, 
2284, 2283, 2300, 
2287, 2284, 2301, 
2286, 2287, 2302, 
2289, 2288, 2318, 
2308, 2309, 2335, 
2309, 2310, 2342, 
2310, 2311, 2343, 
2311, 2312, 2344, 
2312, 2313, 2345, 
2313, 2314, 2346, 
2314, 2315, 2347, 
2315, 2316, 2348, 
2316, 2317, 2354, 
2317, 2319, 2962, 
2303, 2325, 2324, 
2298, 2299, 2303, 
2327, 2323, 2396, 
2288, 2289, 2305, 
2295, 2293, 2307, 
2326, 2324, 2325, 
2328, 2326, 2327, 
2330, 2328, 2329, 
2286, 2285, 2969, 
2332, 2331, 2969, 
2333, 2332, 2353, 
2334, 2335, 117, 
2335, 2342, 88, 
2342, 2343, 114, 
2343, 2344, 115, 
2344, 2345, 116, 
2345, 2346, 2652, 
2270, 2269, 2336, 
2271, 2270, 2337, 
2272, 2271, 2338, 
2273, 2272, 2339, 
2274, 2273, 2340, 
2275, 2274, 2341, 
2346, 2347, 437, 
2347, 2348, 2607, 
2348, 2354, 2605, 
2349, 2333, 2961, 
2976, 2350, 2349, 
309, 2351, 2350, 
2277, 2960, 2963, 
2354, 2962, 2408, 
2278, 2277, 2293, 
310, 335, 2356, 
2701, 310, 2357, 
309, 2701, 2358, 
2360, 2359, 2362, 
2361, 2366, 2365, 
2361, 2364, 2367, 
2363, 2364, 2361, 
2368, 2369, 2364, 
2369, 2370, 2367, 
2366, 2399, 2400, 
2367, 2371, 2399, 
2370, 2398, 2371, 
551, 2369, 2368, 
550, 2370, 2369, 
534, 2398, 2370, 
2371, 2372, 2708, 
2964, 2373, 367, 
2373, 2374, 2724, 
2374, 2375, 2725, 
2375, 2376, 2726, 
2376, 2377, 2727, 
2377, 2378, 2982, 
2378, 2379, 2728, 
2379, 2380, 2729, 
2380, 2381, 2730, 
2381, 2382, 2741, 
2382, 2383, 2740, 
2383, 2965, 2978, 
2384, 2385, 2739, 
2385, 2386, 2738, 
2386, 2387, 2737, 
2387, 2388, 2736, 
2388, 2389, 2735, 
2389, 2390, 2734, 
2390, 2391, 2733, 
2391, 2392, 2732, 
2392, 2966, 2743, 
2393, 2394, 2745, 
2394, 2395, 2731, 
2395, 2606, 376, 
2285, 2286, 2330, 
2606, 2967, 2715, 
381, 534, 532, 
382, 2398, 534, 
2372, 2371, 2398, 
384, 2400, 2399, 
385, 2401, 2400, 
2712, 2968, 2401, 
2971, 2403, 2402, 
387, 2404, 2403, 
388, 2405, 2404, 
2716, 2406, 2405, 
2397, 2396, 2406, 
2287, 2286, 2331, 
392, 2608, 2408, 
393, 530, 2608, 
394, 531, 530, 
394, 395, 532, 
2409, 2422, 341, 
2410, 2411, 2582, 
2411, 2412, 178, 
2412, 2413, 210, 
2413, 2414, 314, 
2414, 2415, 251, 
2415, 2416, 242, 
2416, 2417, 153, 
2417, 2418, 263, 
2418, 2419, 274, 
2419, 2420, 322, 
2420, 2421, 2555, 
2422, 2421, 2554, 
2423, 2445, 2444, 
2434, 2423, 2424, 
2423, 2447, 2446, 
2434, 2448, 2447, 
2424, 2425, 2436, 
2425, 2426, 2437, 
2426, 2427, 2438, 
2427, 2433, 2439, 
2428, 2429, 378, 
2429, 2430, 2483, 
2430, 2431, 2480, 
2431, 2432, 2473, 
2433, 2432, 2474, 
2425, 2424, 2444, 
2426, 2425, 2443, 
2427, 2426, 2442, 
2433, 2427, 2441, 
2432, 2433, 2440, 
2434, 2450, 2449, 
2435, 2451, 2450, 
2436, 2452, 2451, 
2437, 2453, 2452, 
2438, 2454, 2453, 
2439, 2455, 2454, 
2474, 2475, 2455, 
2440, 2456, 2472, 
2441, 2457, 2456, 
2442, 2458, 2457, 
2443, 2459, 2458, 
2444, 2460, 2459, 
2445, 2461, 2460, 
2446, 2462, 2461, 
2447, 2463, 2462, 
2448, 2464, 2463, 
2449, 2465, 2464, 
2450, 2466, 2465, 
2451, 2467, 2466, 
2452, 2468, 2467, 
2453, 2469, 2468, 
2454, 2470, 2469, 
2455, 2471, 2470, 
2475, 2476, 2471, 
404, 433, 2472, 
405, 404, 2456, 
406, 405, 2457, 
407, 406, 2458, 
408, 407, 2459, 
409, 408, 2460, 
410, 409, 2461, 
411, 410, 2462, 
2626, 411, 2463, 
412, 2626, 2464, 
413, 412, 2465, 
402, 413, 2466, 
401, 402, 2467, 
400, 401, 2468, 
2663, 400, 2469, 
399, 2663, 2470, 
398, 399, 2471, 
2472, 433, 580, 
2480, 2473, 2472, 
2432, 2431, 2479, 
2478, 2475, 2474, 
2477, 2476, 2475, 
397, 398, 2476, 
2477, 2486, 396, 
2478, 2485, 2486, 
2484, 2485, 2478, 
2431, 2430, 2484, 
2482, 2483, 2480, 
403, 2482, 2481, 
377, 2482, 403, 
378, 2483, 2482, 
2430, 2429, 379, 
380, 2485, 2484, 
366, 2486, 2485, 
2703, 396, 2486, 
2502, 2487, 61, 
2487, 2488, 62, 
2488, 2489, 117, 
2309, 2308, 2490, 
2490, 2491, 2657, 
2491, 2492, 64, 
2492, 2493, 65, 
2493, 2494, 66, 
2494, 2495, 2519, 
2495, 2496, 67, 
2496, 2497, 2503, 
2497, 2498, 58, 
2498, 2499, 2529, 
2499, 2500, 59, 
2500, 2501, 2633, 
2503, 2511, 77, 
2504, 2505, 542, 
2505, 2506, 541, 
2506, 2507, 536, 
2507, 2508, 113, 
2508, 2509, 89, 
2509, 2510, 78, 
2511, 2510, 87, 
2512, 2513, 539, 
2513, 2514, 538, 
2514, 2515, 537, 
2515, 2516, 101, 
2516, 2517, 98, 
2517, 2518, 87, 
2518, 2520, 77, 
2520, 2519, 67, 
2521, 2522, 545, 
2522, 2523, 544, 
2523, 2524, 535, 
2524, 2525, 109, 
2525, 2526, 90, 
2526, 2527, 79, 
2527, 2528, 69, 
2528, 2529, 59, 
2530, 2531, 359, 
2531, 2532, 358, 
2532, 2533, 357, 
2533, 2534, 356, 
2534, 2535, 355, 
2535, 2972, 354, 
2536, 2537, 353, 
2537, 2538, 352, 
2538, 2539, 351, 
2539, 2540, 350, 
2540, 2541, 349, 
2541, 2542, 348, 
2542, 2543, 347, 
2543, 2544, 2656, 
2544, 2545, 2596, 
2545, 2546, 2591, 
2546, 2547, 346, 
2547, 2548, 336, 
2548, 2973, 2699, 
2549, 2558, 337, 
2550, 2551, 326, 
2551, 2552, 325, 
2552, 2553, 324, 
2553, 2554, 323, 
2421, 2420, 323, 
2555, 2556, 321, 
2556, 2557, 206, 
2558, 2557, 338, 
2974, 2560, 217, 
2560, 2561, 194, 
2561, 2562, 193, 
2562, 2563, 192, 
2563, 2564, 191, 
2564, 2565, 190, 
2565, 2566, 189, 
2566, 2567, 188, 
2567, 2568, 187, 
2568, 2569, 186, 
2569, 2570, 2643, 
2570, 2571, 2594, 
2571, 2572, 2589, 
2572, 2573, 185, 
2573, 2574, 184, 
2574, 2975, 2697, 
2575, 2576, 216, 
2576, 2587, 182, 
2577, 2578, 220, 
2578, 2579, 221, 
2579, 2580, 222, 
2580, 2581, 223, 
2411, 2410, 223, 
2582, 2583, 225, 
2583, 2584, 226, 
2584, 2585, 262, 
2585, 2586, 227, 
2587, 2586, 181, 
2590, 308, 2601, 
2595, 2590, 2599, 
2595, 2598, 2654, 
2572, 2571, 2593, 
2589, 2592, 2597, 
2590, 2591, 346, 
2546, 2545, 2597, 
2571, 2570, 2642, 
2594, 2597, 2644, 
2591, 2590, 2595, 
2545, 2544, 2644, 
2598, 2600, 2653, 
2599, 2660, 2600, 
2601, 2603, 2660, 
2601, 308, 2685, 
2603, 2601, 2602, 
2319, 2317, 2603, 
2607, 2605, 2408, 
437, 2607, 2608, 
2614, 2615, 2616, 
2613, 2614, 2617, 
2612, 2613, 2618, 
2611, 2612, 2619, 
2610, 2611, 2620, 
2609, 2610, 2621, 
2623, 2609, 2622, 
566, 2609, 2623, 
567, 2610, 2609, 
568, 2611, 2610, 
554, 2612, 2611, 
553, 2613, 2612, 
555, 2614, 2613, 
556, 2615, 2614, 
557, 2616, 2615, 
558, 2617, 2616, 
559, 2618, 2617, 
560, 2619, 2618, 
561, 2620, 2619, 
562, 2621, 2620, 
563, 2622, 2621, 
564, 2624, 2622, 
564, 565, 2623, 
583, 584, 2630, 
590, 582, 583, 
586, 587, 590, 
585, 586, 2625, 
2385, 2384, 2627, 
21, 20, 2628, 
2628, 2629, 447, 
2629, 2632, 448, 
2630, 2631, 441, 
2632, 2631, 569, 
518, 592, 589, 
589, 592, 581, 
590, 2666, 581, 
2633, 2634, 69, 
2634, 2635, 79, 
2635, 2641, 90, 
2636, 2637, 548, 
2637, 2638, 547, 
2638, 2639, 533, 
2639, 2640, 108, 
2641, 2640, 109, 
2570, 2569, 232, 
2643, 2644, 203, 
2544, 2543, 203, 
2645, 2646, 551, 
2646, 2647, 550, 
2647, 2648, 534, 
2648, 2649, 532, 
2649, 2650, 531, 
2650, 2651, 530, 
2651, 2652, 437, 
2315, 2314, 2653, 
2316, 2315, 2600, 
2317, 2316, 2660, 
2656, 2655, 104, 
2657, 2658, 73, 
2658, 2659, 83, 
2659, 2662, 94, 
2655, 2654, 2661, 
2662, 2661, 105, 
2379, 2378, 2664, 
15, 14, 2665, 
2665, 2668, 439, 
2666, 2667, 588, 
2668, 2667, 587, 
2172, 2948, 2949, 
2171, 2949, 2950, 
2170, 2950, 2951, 
2169, 2951, 2952, 
2168, 2952, 2953, 
2167, 2953, 2956, 
2166, 2956, 2955, 
2165, 2954, 2249, 
2164, 2249, 2248, 
2163, 2248, 2247, 
2162, 2247, 2246, 
2161, 2246, 2245, 
2160, 2245, 2244, 
2159, 2244, 2243, 
2157, 2939, 2355, 
2155, 2156, 2250, 
2154, 2155, 2251, 
2153, 2154, 2241, 
2152, 2153, 2191, 
2151, 2152, 2190, 
2150, 2151, 2189, 
2149, 2150, 2188, 
2148, 2149, 2187, 
2147, 2148, 2186, 
2146, 2147, 2185, 
2145, 2146, 2184, 
2144, 2145, 2183, 
2143, 2144, 2182, 
2142, 2143, 2942, 
2141, 2157, 2352, 
2140, 2141, 2341, 
2139, 2140, 2340, 
2138, 2139, 2339, 
2137, 2138, 2338, 
2136, 2137, 2337, 
229, 2702, 2936, 
229, 2938, 2935, 
228, 2935, 2934, 
365, 230, 2932, 
230, 231, 2931, 
231, 2588, 2930, 
2588, 2593, 2929, 
2593, 2642, 2928, 
2642, 232, 2927, 
232, 233, 2926, 
233, 234, 2925, 
227, 2934, 2924, 
262, 2924, 2923, 
226, 2923, 2922, 
225, 2922, 2921, 
224, 2921, 2920, 
2410, 2920, 2919, 
223, 2919, 2918, 
222, 2918, 2917, 
221, 2917, 2916, 
220, 2916, 2915, 
234, 235, 2914, 
235, 236, 2913, 
236, 237, 2912, 
237, 238, 2911, 
238, 239, 2910, 
239, 240, 2909, 
240, 241, 2908, 
1922, 1975, 1976, 
2133, 2135, 2104, 
2105, 2103, 2132, 
2103, 2102, 2123, 
2102, 2101, 2122, 
2101, 2100, 2121, 
2100, 2099, 2120, 
2099, 2098, 2119, 
2098, 2097, 2118, 
2097, 2096, 2117, 
2096, 2095, 2116, 
2095, 2094, 2115, 
2094, 2093, 2114, 
2104, 2135, 2134, 
2131, 2905, 2134, 
2091, 2933, 2130, 
2090, 2130, 2129, 
2089, 2129, 2128, 
2088, 2128, 2127, 
2087, 2127, 2126, 
2086, 2126, 2125, 
1967, 2125, 2124, 
2905, 2904, 2092, 
2092, 2083, 2081, 
2104, 2081, 2080, 
2080, 2079, 2103, 
2079, 2078, 2102, 
2078, 2077, 2101, 
2077, 2076, 2100, 
2076, 2075, 2099, 
2075, 2074, 2098, 
2074, 2073, 2097, 
2073, 2072, 2096, 
2072, 2071, 2095, 
2071, 2070, 2094, 
2070, 2069, 2093, 
2904, 2903, 2068, 
2903, 2902, 2066, 
2902, 2063, 2064, 
2090, 2062, 2082, 
2062, 2061, 2082, 
2061, 2060, 2065, 
2060, 2059, 2901, 
2089, 2058, 2062, 
2058, 2057, 2061, 
2057, 2056, 2060, 
2056, 2055, 2059, 
2088, 2054, 2058, 
2054, 2053, 2057, 
2053, 2052, 2056, 
2052, 2051, 2055, 
2054, 2088, 2087, 
1956, 2087, 2086, 
2068, 2048, 2081, 
2048, 2047, 2080, 
2047, 2046, 2079, 
2046, 2045, 2078, 
2045, 2044, 2077, 
2044, 2043, 2076, 
2043, 2042, 2075, 
2042, 2041, 2074, 
2041, 2040, 2073, 
2040, 2039, 2072, 
2070, 2071, 2037, 
2038, 2036, 2069, 
2039, 2037, 2071, 
2037, 2034, 2035, 
2035, 2033, 2036, 
2034, 2037, 2039, 
2032, 2039, 2040, 
2031, 2040, 2041, 
2030, 2041, 2042, 
2029, 2042, 2043, 
2028, 2043, 2044, 
2027, 2044, 2045, 
2026, 2045, 2046, 
2025, 2046, 2047, 
2024, 2047, 2048, 
2023, 2048, 2068, 
2023, 2066, 2021, 
2021, 2066, 2064, 
2033, 2035, 2018, 
2019, 2018, 2016, 
2012, 2015, 2016, 
2032, 2018, 2035, 
2031, 2030, 2013, 
2030, 2029, 2012, 
2029, 2028, 2011, 
2028, 2027, 2010, 
2027, 2026, 2009, 
2026, 2025, 2008, 
2025, 2024, 2007, 
2024, 2023, 2022, 
2013, 2016, 2018, 
2012, 2011, 2014, 
2011, 2010, 2006, 
2010, 2009, 2005, 
2009, 2008, 2004, 
2008, 2007, 2003, 
2007, 2022, 2002, 
2015, 2000, 2001, 
2001, 1999, 2017, 
1999, 2001, 2000, 
1998, 2000, 1996, 
1997, 1996, 1994, 
1995, 1994, 1992, 
1993, 1992, 1990, 
1991, 1990, 1988, 
1989, 1988, 1986, 
2000, 2015, 2014, 
1996, 2014, 2006, 
1994, 2006, 2005, 
1992, 2005, 2004, 
1990, 2004, 2003, 
1988, 2003, 2002, 
2021, 1985, 2002, 
1985, 1984, 1986, 
1984, 1983, 1987, 
2020, 1982, 1985, 
1982, 1981, 1984, 
1981, 1980, 1983, 
2063, 1978, 1979, 
1979, 1977, 2020, 
2906, 1921, 1922, 
2107, 1976, 1974, 
2108, 1974, 1973, 
2109, 1973, 1972, 
2110, 1972, 1971, 
2111, 1971, 1970, 
2112, 1970, 1969, 
2084, 2124, 2113, 
2049, 2086, 1967, 
1968, 1967, 2084, 
1966, 2084, 1969, 
1972, 1973, 1964, 
1971, 1964, 1963, 
1970, 1963, 1965, 
1973, 1974, 1962, 
1964, 1962, 1961, 
1963, 1961, 1960, 
1965, 1960, 1959, 
1966, 1959, 1958, 
1968, 1958, 1957, 
1957, 1955, 1956, 
2053, 2054, 1956, 
2052, 2053, 1955, 
1918, 1957, 1958, 
2050, 1958, 1959, 
1954, 1959, 1960, 
1953, 1960, 1961, 
1952, 1961, 1962, 
1951, 1962, 1974, 
1975, 1950, 1951, 
1950, 1949, 1952, 
1949, 1948, 1953, 
1948, 1947, 1954, 
1947, 1946, 2050, 
1918, 1917, 1935, 
1946, 1933, 1934, 
2900, 2901, 2059, 
1944, 2059, 1942, 
1943, 1942, 1940, 
1916, 1915, 1941, 
1939, 1938, 1936, 
1942, 2059, 2055, 
1942, 2051, 1935, 
1917, 1916, 1940, 
1938, 1934, 1933, 
2052, 2085, 1935, 
2673, 2106, 2908, 
1945, 1932, 1949, 
1932, 1931, 1948, 
1931, 1930, 1947, 
1930, 1929, 1946, 
1977, 1928, 1982, 
1928, 1927, 1981, 
1927, 1926, 1980, 
1933, 1946, 1929, 
1933, 1925, 1924, 
1936, 1924, 1923, 
1922, 1921, 1920, 
1920, 1945, 1950, 
1957, 1918, 2085, 
1917, 1918, 2050, 
1916, 1917, 1934, 
1915, 1916, 1938, 
2158, 1914, 1919, 
2159, 1919, 1913, 
1913, 1912, 2161, 
1912, 1911, 2162, 
1911, 1910, 2163, 
1910, 1909, 2164, 
1909, 1908, 2165, 
2899, 1907, 2166, 
1907, 1906, 2167, 
1906, 1905, 2168, 
1905, 1904, 2169, 
1904, 1903, 2170, 
1903, 1902, 2171, 
1902, 1901, 2172, 
1901, 1900, 2173, 
1900, 1899, 2174, 
1899, 1898, 2175, 
1898, 1897, 2176, 
1897, 1896, 2177, 
1896, 1895, 2178, 
1895, 1894, 2179, 
1894, 1895, 1892, 
1892, 1895, 1896, 
1891, 1896, 1897, 
1890, 1897, 1898, 
1889, 1898, 1899, 
1888, 1899, 1900, 
1887, 1900, 1901, 
1886, 1901, 1902, 
1885, 1902, 1903, 
1884, 1903, 1904, 
1883, 1904, 1905, 
1882, 1905, 1906, 
1881, 1906, 1907, 
1880, 1907, 2899, 
1879, 1908, 1909, 
1878, 1909, 1910, 
1877, 1910, 1911, 
1876, 1911, 1912, 
1875, 1912, 1913, 
1874, 1913, 1919, 
1873, 1919, 1914, 
1872, 1870, 1871, 
1871, 1869, 1874, 
1869, 1868, 1875, 
1868, 1867, 1876, 
1867, 1866, 1877, 
1866, 1865, 1878, 
1865, 1864, 1879, 
2897, 1863, 1880, 
1863, 1862, 1881, 
1862, 1861, 1882, 
1861, 1860, 1883, 
1860, 1859, 1884, 
1859, 1858, 1885, 
1858, 1857, 1886, 
1857, 1856, 1887, 
1856, 1855, 1888, 
1855, 1854, 1889, 
1854, 1853, 1890, 
1853, 1852, 1891, 
1852, 1851, 1892, 
1851, 1850, 1893, 
1782, 1788, 1789, 
753, 754, 629, 
730, 729, 1849, 
629, 628, 1837, 
1836, 1846, 1847, 
941, 940, 1834, 
607, 606, 1833, 
1832, 1842, 1843, 
1831, 1841, 1842, 
737, 738, 1841, 
752, 745, 1839, 
731, 730, 1839, 
628, 627, 1827, 
1826, 1836, 1837, 
940, 939, 1824, 
606, 605, 1823, 
1822, 1832, 1833, 
1821, 1831, 1832, 
739, 737, 1831, 
745, 746, 1829, 
1836, 1835, 1845, 
1826, 1825, 1835, 
1764, 1763, 1780, 
732, 731, 1829, 
627, 622, 1816, 
1827, 1816, 1815, 
1826, 1815, 1814, 
1796, 1797, 1825, 
605, 602, 1812, 
1823, 1812, 1811, 
1822, 1811, 1810, 
740, 739, 1821, 
747, 746, 1820, 
741, 740, 1810, 
1811, 1805, 1806, 
1812, 1804, 1805, 
602, 603, 1804, 
1795, 1796, 1814, 
1815, 1801, 1802, 
1816, 1800, 1801, 
622, 623, 1800, 
748, 747, 1809, 
733, 732, 1818, 
1797, 1819, 1835, 
939, 938, 1813, 
938, 937, 1803, 
1819, 1794, 1845, 
1786, 1785, 1791, 
1787, 1786, 1792, 
1785, 1784, 1790, 
1784, 1783, 1789, 
1771, 1787, 1781, 
1782, 1787, 1793, 
1775, 1778, 1779, 
1776, 1777, 1778, 
1773, 1780, 1786, 
1787, 1771, 1772, 
1770, 1781, 112, 
100, 1777, 1776, 
1781, 1787, 1782, 
1769, 1808, 1782, 
1768, 1769, 1783, 
1767, 1768, 1784, 
1767, 1785, 1786, 
145, 112, 1781, 
146, 145, 1808, 
147, 146, 1769, 
149, 147, 1768, 
2530, 728, 1777, 
1766, 1768, 1767, 
728, 727, 1778, 
726, 725, 1774, 
1767, 1780, 1763, 
727, 726, 1779, 
171, 1747, 2896, 
1747, 1748, 2890, 
1748, 1749, 2889, 
724, 723, 2889, 
1750, 1751, 2894, 
172, 1754, 1770, 
1751, 1752, 2893, 
1754, 1753, 1771, 
1752, 1753, 2892, 
1753, 1754, 2891, 
1753, 1752, 1772, 
1752, 1751, 1773, 
1751, 1750, 1764, 
725, 724, 1749, 
1749, 1748, 1775, 
1748, 1747, 1776, 
1747, 171, 110, 
1754, 172, 2679, 
215, 173, 1746, 
1706, 1746, 1745, 
1707, 1745, 1744, 
1708, 1744, 1743, 
843, 842, 1709, 
1710, 1742, 1741, 
1711, 1741, 1740, 
1667, 1666, 1712, 
1713, 1739, 1738, 
2877, 1578, 1737, 
1715, 1736, 1735, 
1718, 1733, 1732, 
1719, 1732, 1731, 
1720, 1731, 1730, 
1721, 1730, 1729, 
1722, 1729, 1728, 
1723, 1728, 1727, 
1724, 1727, 1726, 
673, 670, 1716, 
1718, 1717, 1734, 
1738, 1705, 1737, 
717, 716, 1717, 
1725, 1726, 1704, 
2684, 1761, 1704, 
684, 683, 1745, 
683, 682, 1744, 
682, 681, 1743, 
844, 843, 1743, 
680, 679, 1741, 
679, 678, 1740, 
678, 677, 1667, 
675, 676, 1696, 
685, 675, 1695, 
2754, 685, 1694, 
689, 688, 1692, 
693, 692, 1691, 
694, 693, 1690, 
695, 694, 1689, 
696, 695, 1688, 
697, 696, 1687, 
698, 697, 1686, 
699, 698, 1685, 
700, 699, 1684, 
701, 700, 1683, 
688, 687, 1693, 
2559, 701, 1682, 
1620, 1619, 1762, 
839, 838, 1680, 
1679, 1680, 1678, 
1677, 1678, 1676, 
1675, 1676, 1674, 
1621, 1620, 1681, 
840, 839, 1679, 
841, 840, 1671, 
1623, 1622, 1671, 
1624, 1623, 1670, 
1616, 1624, 1669, 
320, 1616, 1668, 
1670, 1671, 1679, 
1669, 1670, 1677, 
1669, 1675, 1673, 
1668, 1673, 257, 
257, 1673, 1674, 
2577, 684, 1746, 
1666, 1667, 1739, 
677, 676, 1739, 
1619, 1617, 1664, 
838, 837, 1663, 
1678, 1680, 1663, 
1676, 1678, 1662, 
1674, 1676, 1661, 
258, 1674, 1660, 
268, 1660, 1659, 
1659, 1660, 1661, 
1658, 1661, 1662, 
1657, 1662, 1663, 
837, 836, 1656, 
1617, 1618, 1655, 
718, 717, 1718, 
719, 718, 1719, 
720, 719, 1720, 
721, 720, 1721, 
722, 721, 1722, 
2756, 722, 1723, 
1806, 1805, 1654, 
1649, 1760, 1654, 
1648, 1649, 1653, 
1647, 1648, 1652, 
1646, 1647, 1651, 
1758, 1646, 1650, 
1646, 1758, 1757, 
1647, 1646, 1645, 
1648, 1647, 1644, 
1649, 1648, 1643, 
1760, 1649, 1642, 
1806, 1760, 1641, 
1645, 1757, 1756, 
1644, 1645, 1639, 
1643, 1644, 1638, 
1642, 1643, 1637, 
1641, 1642, 1636, 
1640, 1641, 1635, 
1634, 1635, 1633, 
1633, 1635, 1636, 
1631, 1636, 1637, 
1630, 1637, 1638, 
1629, 1638, 1639, 
1628, 1639, 1756, 
1628, 1755, 162, 
1629, 1628, 302, 
1630, 1629, 303, 
1631, 1630, 304, 
1633, 1631, 305, 
1632, 1633, 306, 
713, 712, 1716, 
712, 711, 1715, 
711, 710, 2876, 
1624, 1616, 1706, 
1623, 1624, 1707, 
1622, 1623, 1708, 
842, 841, 1622, 
1620, 1621, 1710, 
1619, 1620, 1711, 
1617, 1619, 1712, 
1618, 1617, 1666, 
1616, 320, 215, 
1713, 1714, 1615, 
1618, 1615, 1614, 
836, 835, 1613, 
1656, 1613, 1612, 
1658, 1657, 1612, 
1659, 1658, 1611, 
270, 1659, 1610, 
345, 1594, 2886, 
1594, 1595, 2885, 
1595, 1596, 2884, 
1596, 1597, 2883, 
2758, 833, 1598, 
1598, 1599, 2880, 
1599, 1600, 2879, 
1600, 1601, 2887, 
2873, 1577, 1602, 
702, 703, 1714, 
704, 703, 1600, 
705, 704, 1599, 
833, 834, 705, 
707, 706, 1597, 
708, 707, 1596, 
709, 708, 1595, 
2550, 709, 1594, 
1602, 1593, 1627, 
667, 666, 608, 
1592, 1591, 1805, 
1591, 1590, 1654, 
1590, 1589, 1653, 
1589, 1588, 1652, 
1588, 1587, 1651, 
1587, 1586, 1650, 
1586, 1585, 1759, 
2878, 1584, 1750, 
1584, 1583, 1764, 
1583, 1582, 1763, 
1582, 1581, 1765, 
1581, 1580, 1766, 
1580, 360, 149, 
2876, 1579, 1736, 
2755, 702, 1737, 
2875, 1576, 2887, 
687, 686, 1575, 
2865, 1574, 2871, 
2868, 1572, 1571, 
2869, 1571, 1570, 
2851, 1570, 1569, 
2852, 1569, 1568, 
2853, 1568, 1567, 
2854, 1567, 1566, 
2855, 1566, 1565, 
656, 858, 2857, 
2858, 1564, 1563, 
2860, 1563, 1562, 
2757, 826, 1561, 
2862, 1561, 1560, 
2864, 1560, 1574, 
2764, 882, 1572, 
881, 880, 1510, 
880, 879, 1511, 
879, 878, 1512, 
878, 877, 600, 
876, 875, 1514, 
875, 874, 1515, 
2762, 861, 1366, 
864, 863, 1525, 
865, 864, 1524, 
866, 865, 2827, 
867, 866, 1522, 
868, 867, 1521, 
869, 868, 1520, 
870, 869, 1519, 
872, 2763, 2749, 
873, 872, 1517, 
874, 873, 1516, 
860, 656, 1565, 
882, 881, 1509, 
863, 862, 1508, 
40, 39, 1572, 
41, 40, 1509, 
42, 41, 1510, 
43, 42, 1511, 
44, 43, 1512, 
33, 32, 1565, 
36, 35, 1568, 
38, 37, 1570, 
39, 38, 1571, 
46, 45, 1513, 
1495, 1496, 1498, 
32, 31, 1526, 
30, 1523, 2831, 
37, 36, 1569, 
35, 34, 1567, 
34, 33, 1566, 
47, 46, 1514, 
417, 2832, 1470, 
417, 57, 1524, 
56, 55, 1522, 
55, 54, 1521, 
54, 53, 1520, 
53, 52, 1519, 
52, 51, 1518, 
2671, 49, 1517, 
49, 48, 1516, 
48, 47, 1515, 
1496, 1497, 1494, 
2748, 633, 1494, 
1477, 1476, 1492, 
1476, 1475, 1491, 
1475, 1474, 1490, 
1474, 1473, 1489, 
1351, 1352, 1489, 
1472, 1471, 1481, 
1471, 1470, 1488, 
1367, 1369, 1488, 
1469, 1468, 1486, 
1468, 1467, 1485, 
1467, 1466, 1480, 
1466, 1465, 1483, 
1465, 1464, 1482, 
1464, 1463, 1479, 
1463, 1462, 1478, 
1462, 1461, 1506, 
1461, 1460, 1505, 
1460, 1459, 1504, 
1459, 1458, 1416, 
1458, 1457, 1502, 
599, 596, 1502, 
1456, 1455, 1500, 
1455, 1495, 1499, 
633, 630, 1498, 
1453, 1487, 1486, 
1453, 1454, 1452, 
1451, 1452, 1450, 
1449, 1450, 1448, 
1448, 1450, 1446, 
1446, 1450, 1452, 
1444, 1452, 1443, 
1454, 1486, 1485, 
1452, 1454, 1442, 
1442, 1485, 1480, 
1441, 1480, 1483, 
1440, 1483, 1482, 
1439, 1482, 1479, 
1438, 1479, 1478, 
1437, 1478, 1506, 
1436, 1506, 1505, 
1435, 1505, 1504, 
1433, 1443, 1442, 
1432, 1433, 1441, 
1431, 1432, 1440, 
1430, 1431, 1439, 
1429, 1430, 1438, 
1428, 1429, 1437, 
1427, 1428, 1436, 
1426, 1427, 1435, 
1447, 1448, 1425, 
1424, 1425, 1423, 
1422, 1423, 1421, 
1420, 1421, 1419, 
1418, 1419, 1417, 
1416, 1417, 1434, 
1426, 1434, 1417, 
1415, 1417, 1419, 
1414, 1419, 1421, 
1413, 1421, 1423, 
1412, 1423, 1425, 
1411, 1425, 1448, 
611, 610, 603, 
937, 936, 611, 
613, 612, 1795, 
614, 613, 1802, 
615, 614, 1801, 
616, 615, 1800, 
624, 623, 1799, 
734, 733, 1798, 
749, 748, 1807, 
742, 741, 1806, 
743, 742, 1640, 
744, 743, 1634, 
2512, 744, 1632, 
750, 749, 1403, 
751, 750, 1402, 
2504, 751, 1401, 
735, 734, 1404, 
736, 735, 1400, 
2521, 736, 1399, 
625, 624, 1405, 
626, 625, 1398, 
2636, 626, 1397, 
617, 616, 1407, 
618, 617, 1396, 
2645, 618, 1395, 
1430, 1429, 1390, 
1431, 1430, 1389, 
1432, 1431, 1388, 
1433, 1432, 1387, 
1444, 1433, 1386, 
1446, 1444, 1385, 
1445, 1446, 1384, 
1411, 1445, 1383, 
1412, 1411, 1382, 
1413, 1412, 1381, 
1414, 1413, 1380, 
1415, 1414, 1379, 
1426, 1415, 1378, 
1391, 1427, 1426, 
1428, 1427, 1391, 
1429, 1428, 1392, 
630, 631, 1499, 
1375, 1376, 1492, 
1375, 1491, 1490, 
1374, 1490, 1489, 
1352, 1354, 1373, 
1372, 1484, 1481, 
1371, 1481, 1488, 
1369, 1368, 1370, 
1368, 1369, 1487, 
1369, 1367, 1469, 
31, 30, 1366, 
861, 860, 1526, 
1368, 1453, 1451, 
1370, 1368, 1449, 
1371, 1370, 1447, 
1372, 1371, 1424, 
1354, 1353, 1364, 
1374, 1373, 1364, 
1375, 1374, 1363, 
1376, 1375, 1362, 
632, 631, 1376, 
1500, 1499, 1360, 
1501, 1500, 1359, 
596, 597, 1357, 
1416, 1502, 1357, 
1420, 1418, 1357, 
1353, 1354, 1372, 
2780, 1064, 1065, 
598, 597, 1358, 
2781, 1063, 1064, 
1354, 1352, 1484, 
1352, 1351, 1472, 
57, 56, 1350, 
2782, 1062, 1063, 
2783, 1061, 1062, 
2784, 1060, 1061, 
2785, 1059, 1060, 
2785, 2941, 2179, 
2142, 1093, 1025, 
1093, 1092, 1023, 
1092, 1091, 1021, 
1091, 1090, 1019, 
1090, 1089, 1017, 
1089, 1088, 1015, 
1088, 1087, 1013, 
1087, 1086, 1011, 
1086, 1085, 1009, 
1085, 1084, 1007, 
1084, 1083, 1005, 
1083, 1082, 1001, 
1010, 1045, 1039, 
1008, 1046, 1045, 
1006, 1047, 1046, 
1004, 1044, 1047, 
1046, 1047, 1042, 
1047, 1044, 1043, 
1040, 1045, 1046, 
1038, 1039, 1045, 
945, 1044, 1004, 
953, 1043, 1044, 
951, 1042, 1043, 
947, 1041, 1042, 
925, 1040, 1041, 
1040, 925, 923, 
1039, 1037, 1014, 
1038, 1036, 1037, 
923, 927, 1036, 
1037, 1035, 1016, 
1036, 1034, 1035, 
927, 928, 1034, 
1035, 1033, 1018, 
1034, 1032, 1033, 
928, 929, 1032, 
1033, 1031, 1020, 
1032, 1030, 1031, 
929, 981, 1030, 
1031, 1029, 1022, 
1030, 1028, 1029, 
981, 983, 1028, 
1029, 1027, 1024, 
1028, 1026, 1027, 
983, 985, 1026, 
1027, 2213, 2217, 
1026, 2215, 2213, 
985, 2262, 2215, 
2216, 1025, 1024, 
1025, 1023, 1022, 
1023, 1021, 1020, 
1021, 1019, 1018, 
1019, 1017, 1016, 
1017, 1015, 1014, 
1015, 1013, 1012, 
1013, 1011, 1010, 
1011, 1009, 1008, 
1009, 1007, 1006, 
1007, 1005, 1004, 
961, 1004, 1003, 
1005, 1001, 1003, 
1001, 957, 943, 
1082, 1081, 957, 
2136, 1098, 1000, 
1098, 1097, 999, 
1097, 1096, 998, 
1096, 1095, 997, 
1095, 1094, 996, 
1094, 1079, 995, 
1079, 2787, 2772, 
1081, 1080, 2765, 
990, 2252, 2263, 
2770, 2957, 2252, 
992, 2254, 2253, 
892, 2359, 2254, 
889, 892, 992, 
992, 991, 2769, 
2770, 990, 986, 
990, 984, 982, 
930, 987, 986, 
889, 989, 854, 
989, 2769, 2760, 
988, 986, 852, 
851, 987, 930, 
851, 852, 986, 
2262, 985, 984, 
985, 983, 982, 
983, 981, 930, 
981, 929, 850, 
929, 928, 849, 
928, 927, 859, 
848, 2761, 859, 
848, 965, 1550, 
1550, 965, 2759, 
980, 2269, 329, 
979, 980, 1609, 
978, 979, 1608, 
977, 978, 1607, 
976, 977, 1606, 
975, 976, 846, 
2768, 975, 1605, 
973, 974, 1604, 
972, 973, 1603, 
971, 972, 895, 
970, 971, 894, 
969, 970, 893, 
968, 969, 900, 
967, 968, 901, 
966, 967, 902, 
963, 966, 917, 
971, 970, 960, 
944, 962, 956, 
955, 956, 962, 
970, 969, 959, 
959, 954, 944, 
954, 959, 958, 
969, 968, 958, 
958, 950, 946, 
968, 967, 950, 
975, 2768, 896, 
972, 971, 956, 
954, 953, 945, 
953, 954, 952, 
950, 949, 926, 
949, 948, 924, 
924, 948, 920, 
967, 966, 949, 
966, 963, 948, 
963, 964, 920, 
962, 961, 943, 
941, 942, 916, 
940, 941, 915, 
939, 940, 909, 
938, 939, 908, 
937, 938, 907, 
936, 937, 906, 
935, 936, 905, 
934, 935, 904, 
933, 934, 903, 
2767, 933, 897, 
925, 947, 946, 
951, 952, 946, 
927, 923, 921, 
961, 962, 944, 
957, 955, 932, 
926, 924, 923, 
924, 922, 921, 
922, 920, 848, 
965, 964, 919, 
919, 918, 898, 
918, 917, 931, 
915, 916, 766, 
909, 915, 1794, 
908, 909, 1819, 
907, 908, 1797, 
906, 907, 1796, 
905, 906, 1795, 
2269, 980, 914, 
980, 979, 913, 
979, 978, 912, 
978, 977, 911, 
977, 976, 910, 
976, 975, 899, 
904, 905, 612, 
903, 904, 1503, 
897, 903, 655, 
917, 902, 2752, 
901, 2753, 2752, 
900, 1626, 2753, 
974, 973, 957, 
2766, 897, 657, 
973, 972, 955, 
1603, 1625, 894, 
1625, 2874, 893, 
2874, 1626, 900, 
2359, 892, 891, 
888, 891, 892, 
890, 891, 888, 
890, 2363, 2362, 
886, 2368, 2363, 
885, 886, 890, 
856, 888, 889, 
884, 887, 888, 
857, 885, 887, 
886, 1393, 552, 
885, 1394, 1393, 
857, 1406, 1394, 
883, 884, 856, 
882, 2764, 1557, 
881, 882, 1573, 
880, 881, 2850, 
879, 880, 2849, 
878, 879, 2848, 
877, 878, 2847, 
876, 877, 2747, 
875, 876, 2846, 
874, 875, 2845, 
873, 874, 2844, 
872, 873, 2833, 
2763, 872, 2834, 
870, 871, 2751, 
869, 870, 2835, 
868, 869, 2836, 
867, 868, 2837, 
866, 867, 2838, 
865, 866, 2839, 
864, 865, 2840, 
863, 864, 2841, 
862, 863, 2842, 
861, 2762, 2830, 
860, 861, 2828, 
656, 860, 2843, 
964, 965, 848, 
858, 656, 2870, 
1406, 1559, 1545, 
857, 1558, 1559, 
884, 883, 1558, 
855, 1556, 2867, 
854, 1555, 1556, 
2760, 1554, 1555, 
852, 827, 2863, 
851, 1553, 827, 
850, 1552, 1553, 
849, 1551, 1552, 
859, 2761, 1551, 
964, 963, 918, 
654, 1548, 1549, 
1410, 1547, 1548, 
1409, 1546, 1547, 
1545, 1546, 1409, 
833, 2758, 2883, 
844, 845, 1699, 
843, 844, 680, 
842, 843, 1742, 
841, 842, 1710, 
840, 841, 1621, 
839, 840, 1672, 
838, 839, 1681, 
837, 838, 1762, 
836, 837, 1664, 
835, 836, 1655, 
834, 835, 1614, 
834, 833, 1597, 
810, 832, 831, 
832, 821, 820, 
808, 832, 810, 
807, 821, 832, 
830, 831, 820, 
829, 830, 819, 
828, 829, 818, 
822, 828, 817, 
826, 2757, 2861, 
825, 826, 1562, 
824, 825, 772, 
823, 824, 775, 
823, 822, 816, 
831, 830, 812, 
830, 829, 813, 
829, 828, 814, 
828, 822, 815, 
822, 823, 782, 
805, 821, 807, 
804, 820, 821, 
803, 819, 820, 
802, 818, 819, 
801, 817, 818, 
800, 816, 817, 
780, 781, 816, 
799, 815, 782, 
798, 814, 815, 
797, 813, 814, 
796, 812, 813, 
795, 811, 812, 
794, 810, 811, 
793, 809, 810, 
792, 808, 809, 
791, 807, 808, 
790, 806, 807, 
789, 805, 806, 
788, 804, 805, 
787, 803, 804, 
786, 802, 803, 
785, 801, 802, 
784, 800, 801, 
779, 780, 800, 
1507, 1536, 799, 
1536, 1535, 798, 
1535, 1534, 797, 
1534, 1533, 796, 
1533, 1532, 795, 
1532, 1531, 794, 
1531, 1530, 793, 
1530, 1529, 792, 
1529, 636, 791, 
636, 1528, 790, 
1528, 1527, 789, 
1527, 1538, 788, 
1538, 1539, 787, 
1539, 1540, 786, 
1540, 601, 785, 
601, 1541, 784, 
1541, 1542, 779, 
1507, 783, 774, 
782, 775, 774, 
824, 823, 781, 
780, 777, 776, 
779, 778, 777, 
1542, 1543, 778, 
769, 778, 1543, 
770, 777, 778, 
770, 771, 776, 
825, 824, 776, 
772, 773, 774, 
773, 1537, 1365, 
773, 1563, 1564, 
772, 1562, 1563, 
826, 825, 771, 
770, 1560, 1561, 
769, 1574, 1560, 
1544, 2871, 1574, 
768, 753, 1847, 
767, 768, 1846, 
766, 767, 1845, 
942, 941, 1844, 
764, 765, 1844, 
763, 764, 607, 
762, 763, 1843, 
761, 762, 1842, 
760, 761, 1841, 
759, 760, 738, 
758, 759, 1840, 
757, 758, 752, 
756, 757, 1849, 
755, 756, 729, 
754, 755, 1848, 
745, 752, 1840, 
751, 2504, 543, 
750, 751, 1399, 
749, 750, 1400, 
748, 749, 1404, 
747, 748, 1798, 
746, 747, 1818, 
746, 745, 1830, 
744, 2512, 540, 
743, 744, 1401, 
742, 743, 1402, 
741, 742, 1403, 
740, 741, 1807, 
739, 740, 1809, 
737, 739, 1820, 
738, 737, 1830, 
736, 2521, 546, 
735, 736, 1397, 
734, 735, 1398, 
733, 734, 1405, 
732, 733, 1799, 
731, 732, 1817, 
730, 731, 1828, 
729, 730, 1838, 
728, 2530, 360, 
727, 728, 1580, 
726, 727, 1581, 
725, 726, 1582, 
724, 725, 1583, 
723, 724, 1584, 
722, 2756, 1585, 
721, 722, 1586, 
720, 721, 1587, 
719, 720, 1588, 
718, 719, 1589, 
717, 718, 1590, 
716, 717, 1591, 
715, 716, 1592, 
714, 715, 608, 
713, 714, 666, 
712, 713, 671, 
711, 712, 1593, 
710, 711, 1602, 
702, 2755, 2875, 
709, 2550, 327, 
708, 709, 1610, 
707, 708, 1611, 
706, 707, 1612, 
835, 834, 706, 
704, 705, 1614, 
703, 704, 1615, 
703, 702, 1601, 
701, 2559, 218, 
700, 701, 1704, 
699, 700, 1726, 
698, 699, 1727, 
697, 698, 1728, 
696, 697, 1729, 
695, 696, 1730, 
694, 695, 1731, 
693, 694, 1732, 
692, 693, 1733, 
691, 692, 1734, 
690, 691, 620, 
689, 690, 668, 
688, 689, 673, 
687, 688, 1735, 
686, 687, 1736, 
685, 2754, 2877, 
675, 685, 1705, 
684, 2577, 259, 
683, 684, 1703, 
682, 683, 1702, 
681, 682, 1701, 
845, 844, 681, 
679, 680, 1699, 
678, 679, 1698, 
677, 678, 1697, 
676, 677, 1665, 
676, 675, 1738, 
1627, 672, 663, 
672, 667, 664, 
664, 667, 609, 
690, 689, 674, 
670, 673, 668, 
671, 672, 1627, 
714, 713, 670, 
691, 690, 669, 
665, 668, 620, 
672, 671, 666, 
715, 714, 665, 
662, 664, 610, 
604, 663, 664, 
659, 661, 663, 
1627, 661, 660, 
661, 659, 658, 
933, 2767, 658, 
657, 655, 654, 
655, 1503, 1410, 
647, 648, 645, 
648, 649, 644, 
649, 650, 643, 
650, 651, 642, 
651, 652, 641, 
652, 653, 640, 
653, 639, 638, 
653, 1379, 1380, 
652, 1378, 1379, 
651, 1377, 1378, 
650, 1391, 1377, 
649, 1392, 1391, 
648, 1390, 1392, 
647, 1389, 1390, 
646, 1388, 1389, 
645, 1387, 1388, 
644, 1386, 1387, 
643, 1385, 1386, 
642, 1384, 1385, 
641, 1383, 1384, 
640, 1382, 1383, 
638, 1381, 1382, 
1380, 1381, 638, 
1361, 1362, 637, 
1363, 1355, 637, 
1358, 1359, 637, 
1359, 1360, 632, 
871, 870, 1518, 
51, 50, 635, 
633, 634, 1477, 
630, 633, 1493, 
631, 632, 1360, 
631, 630, 1492, 
1353, 1422, 1420, 
1353, 1356, 598, 
598, 1355, 1363, 
628, 629, 1848, 
627, 628, 1838, 
622, 627, 1828, 
626, 2636, 549, 
625, 626, 1395, 
624, 625, 1396, 
623, 624, 1407, 
623, 622, 1817, 
692, 691, 621, 
619, 620, 1734, 
716, 715, 619, 
618, 2645, 552, 
617, 618, 1393, 
616, 617, 1394, 
615, 616, 1406, 
614, 615, 1408, 
613, 614, 1409, 
612, 613, 1410, 
936, 935, 662, 
935, 934, 604, 
934, 933, 659, 
609, 608, 1592, 
606, 607, 1844, 
605, 606, 1834, 
602, 605, 1824, 
610, 609, 1804, 
603, 602, 1813, 
877, 876, 1513, 
45, 44, 600, 
596, 599, 1456, 
597, 598, 1356, 
597, 596, 1501, 
2779, 1065, 1066, 
2778, 1066, 1067, 
2777, 1067, 1068, 
2776, 1068, 1069, 
2775, 1069, 1070, 
2774, 1070, 1071, 
2771, 1071, 2786, 
2772, 1072, 1073, 
995, 1073, 1074, 
996, 1074, 1075, 
997, 1075, 1076, 
998, 1076, 1077, 
999, 1077, 1078, 
1000, 1078, 2158, 
2787, 1079, 899, 
1080, 1081, 993, 
1081, 1082, 1002, 
1082, 1083, 1048, 
1083, 1084, 1049, 
1084, 1085, 1050, 
1085, 1086, 1051, 
1086, 1087, 1052, 
1087, 1088, 1053, 
1088, 1089, 1054, 
1089, 1090, 1055, 
1090, 1091, 1056, 
1091, 1092, 1057, 
1092, 1093, 1058, 
1093, 2142, 2180, 
1079, 1094, 910, 
1094, 1095, 911, 
1095, 1096, 912, 
1096, 1097, 913, 
1097, 1098, 914, 
1098, 2136, 2336, 
2872, 1694, 2788, 
2788, 1694, 1695, 
2791, 1695, 1696, 
1693, 1575, 2790, 
1692, 1693, 2793, 
674, 1692, 2795, 
669, 674, 2796, 
621, 669, 2797, 
1691, 621, 2798, 
1690, 1691, 2799, 
1689, 1690, 2800, 
2792, 1696, 1665, 
2802, 1665, 1697, 
2803, 1697, 1698, 
2804, 1698, 1699, 
2805, 1699, 845, 
2806, 845, 1700, 
2807, 1700, 1701, 
2808, 1701, 1702, 
2809, 1702, 1703, 
2810, 1703, 259, 
1688, 1689, 2801, 
1687, 1688, 2811, 
1686, 1687, 2812, 
1685, 1686, 2813, 
1684, 1685, 2814, 
1683, 1684, 2815, 
1682, 1683, 2816, 
1241, 1285, 1126, 
1099, 1101, 1127, 
1129, 1127, 1101, 
1130, 1129, 1102, 
1131, 1130, 1111, 
1132, 1131, 1112, 
1133, 1132, 1113, 
1134, 1133, 1114, 
1135, 1134, 1115, 
1136, 1135, 1116, 
1137, 1136, 1117, 
1138, 1137, 1118, 
2093, 1138, 1119, 
1099, 1128, 1139, 
2818, 1103, 1100, 
2794, 1140, 1141, 
1104, 1141, 1142, 
1105, 1142, 1143, 
1106, 1143, 1144, 
1107, 1144, 1145, 
1108, 1145, 1249, 
1109, 1249, 1147, 
2819, 2818, 1139, 
1148, 1139, 1128, 
1150, 1128, 1127, 
1152, 1151, 1127, 
1153, 1152, 1129, 
1154, 1153, 1130, 
1155, 1154, 1131, 
1156, 1155, 1132, 
1157, 1156, 1133, 
1158, 1157, 1134, 
1159, 1158, 1135, 
1160, 1159, 1136, 
1161, 1160, 1137, 
2069, 1161, 1138, 
2820, 2819, 1148, 
2821, 2820, 1162, 
2822, 2821, 1164, 
1168, 1141, 1140, 
1169, 1168, 1149, 
1170, 1169, 1163, 
1171, 1170, 1165, 
1172, 1142, 1141, 
1173, 1172, 1168, 
1174, 1173, 1169, 
1175, 1174, 1170, 
1176, 1143, 1142, 
1177, 1176, 1172, 
1178, 1177, 1173, 
1179, 1178, 1174, 
1143, 1176, 1260, 
1144, 1260, 1181, 
1182, 1162, 1148, 
1183, 1182, 1150, 
1184, 1183, 1151, 
1185, 1184, 1152, 
1186, 1185, 1153, 
1187, 1186, 1154, 
1188, 1187, 1155, 
1189, 1188, 1156, 
1190, 1189, 1157, 
1191, 1190, 1158, 
1160, 1161, 1192, 
2036, 1192, 1161, 
1193, 1191, 1159, 
1195, 1193, 1192, 
2033, 1194, 1192, 
1193, 1195, 1196, 
1191, 1196, 1197, 
1190, 1197, 1198, 
1189, 1198, 1199, 
1188, 1199, 1200, 
1187, 1200, 1201, 
1186, 1201, 1202, 
1185, 1202, 1203, 
1184, 1203, 1204, 
1183, 1204, 1205, 
1182, 1205, 1164, 
1164, 1205, 1206, 
1164, 1207, 1208, 
1194, 2033, 2019, 
1209, 2019, 2017, 
1211, 1214, 1213, 
1209, 1196, 1195, 
1198, 1197, 1196, 
1199, 1198, 1213, 
1200, 1199, 1214, 
1201, 1200, 1215, 
1202, 1201, 1216, 
1203, 1202, 1217, 
1204, 1203, 1218, 
1205, 1204, 1219, 
1210, 1213, 1196, 
1215, 1214, 1211, 
1216, 1215, 1212, 
1217, 1216, 1220, 
1218, 1217, 1221, 
1219, 1218, 1222, 
1206, 1219, 1223, 
1226, 1211, 1210, 
1999, 1225, 1210, 
1225, 1999, 1998, 
1226, 1998, 1997, 
1227, 1997, 1995, 
1228, 1995, 1993, 
1229, 1993, 1991, 
1230, 1991, 1989, 
1231, 1989, 1987, 
1211, 1226, 1227, 
1212, 1227, 1228, 
1220, 1228, 1229, 
1221, 1229, 1230, 
1222, 1230, 1231, 
1223, 1231, 1232, 
1233, 1207, 1206, 
1234, 1233, 1224, 
1983, 1234, 1232, 
1235, 1208, 1207, 
1236, 1235, 1233, 
1980, 1236, 1234, 
2823, 2822, 1166, 
1239, 1237, 1166, 
1921, 2906, 1126, 
1240, 1126, 1125, 
1242, 1125, 1124, 
1243, 1124, 1123, 
1244, 1123, 1122, 
1245, 1122, 1121, 
1246, 1121, 1120, 
1110, 1147, 1247, 
1145, 1181, 1248, 
1249, 1248, 1250, 
1147, 1250, 1251, 
1243, 1244, 1245, 
1252, 1245, 1246, 
1253, 1246, 1247, 
1242, 1243, 1252, 
1254, 1252, 1253, 
1255, 1253, 1251, 
1256, 1251, 1250, 
1257, 1250, 1248, 
1258, 1248, 1181, 
1261, 1259, 1181, 
1176, 1177, 1261, 
1177, 1178, 1146, 
1259, 1287, 1180, 
1258, 1180, 1262, 
1257, 1262, 1263, 
1256, 1263, 1264, 
1255, 1264, 1265, 
1254, 1265, 1240, 
1266, 1241, 1240, 
1267, 1266, 1265, 
1268, 1267, 1264, 
1269, 1268, 1263, 
1270, 1269, 1262, 
1288, 1287, 1146, 
1282, 1270, 1180, 
1167, 1238, 1271, 
1171, 1271, 1272, 
1273, 1272, 1274, 
1290, 1289, 1275, 
1277, 1276, 1278, 
1171, 1273, 1179, 
1179, 1273, 1275, 
1289, 1288, 1280, 
1281, 1277, 1279, 
1146, 1178, 1179, 
2907, 155, 1682, 
1932, 1945, 1266, 
1931, 1932, 1267, 
1930, 1931, 1268, 
1929, 1930, 1269, 
1283, 1239, 1208, 
1284, 1283, 1235, 
1926, 1284, 1236, 
1270, 1282, 1925, 
1925, 1282, 1279, 
1924, 1279, 1278, 
1921, 1285, 1241, 
1945, 1920, 1241, 
1287, 1259, 1261, 
1287, 1288, 1281, 
1288, 1289, 1277, 
1289, 1290, 1276, 
1914, 2158, 1078, 
1286, 1078, 1077, 
1292, 1291, 1077, 
1293, 1292, 1076, 
1294, 1293, 1075, 
1295, 1294, 1074, 
2824, 1295, 1073, 
1297, 1296, 2786, 
1298, 1297, 1071, 
1299, 1298, 1070, 
1300, 1299, 1069, 
1301, 1300, 1068, 
1302, 1301, 1067, 
1303, 1302, 1066, 
1304, 1303, 1065, 
1305, 1304, 1064, 
1306, 1305, 1063, 
1307, 1306, 1062, 
1308, 1307, 1061, 
1309, 1308, 1060, 
1894, 1309, 1059, 
1309, 1894, 1893, 
1309, 1310, 1311, 
1308, 1311, 1312, 
1307, 1312, 1313, 
1306, 1313, 1314, 
1305, 1314, 1315, 
1304, 1315, 1316, 
1303, 1316, 1317, 
1302, 1317, 1318, 
1301, 1318, 1319, 
1300, 1319, 1320, 
1299, 1320, 1321, 
1298, 1321, 1322, 
1297, 1322, 2825, 
2824, 1323, 1324, 
1295, 1324, 1325, 
1294, 1325, 1326, 
1293, 1326, 1327, 
1292, 1327, 1328, 
1291, 1328, 1329, 
1286, 1329, 1872, 
1870, 1872, 1329, 
1331, 1330, 1329, 
1332, 1331, 1328, 
1333, 1332, 1327, 
1334, 1333, 1326, 
1335, 1334, 1325, 
2826, 1335, 1324, 
1337, 1336, 2825, 
1338, 1337, 1322, 
1339, 1338, 1321, 
1340, 1339, 1320, 
1341, 1340, 1319, 
1342, 1341, 1318, 
1343, 1342, 1317, 
1344, 1343, 1316, 
1345, 1344, 1315, 
1346, 1345, 1314, 
1347, 1346, 1313, 
1348, 1347, 1312, 
1349, 1348, 1311, 
1850, 1349, 1310, 
118, 123, 122, 
119, 122, 121, 
1788, 1793, 1792, 
1789, 1792, 1791, 
2832, 417, 1525, 
57, 417, 1471, 
56, 57, 1472, 
55, 56, 1351, 
54, 55, 1473, 
53, 54, 1474, 
52, 53, 1475, 
51, 52, 1476, 
50, 51, 1477, 
49, 2671, 2748, 
48, 49, 1497, 
47, 48, 1496, 
46, 47, 1495, 
45, 46, 1455, 
44, 45, 1456, 
43, 44, 599, 
42, 43, 1457, 
41, 42, 1458, 
40, 41, 1459, 
39, 40, 1460, 
38, 39, 1461, 
37, 38, 1462, 
36, 37, 1463, 
35, 36, 1464, 
34, 35, 1465, 
33, 34, 1466, 
32, 33, 1467, 
31, 32, 1468, 
30, 31, 1469, 
1523, 30, 1367, 
2670, 28, 469, 
27, 28, 415, 
26, 27, 416, 
25, 26, 595, 
24, 25, 418, 
23, 24, 419, 
22, 23, 420, 
21, 22, 421, 
20, 21, 422, 
19, 2669, 2980, 
18, 19, 423, 
17, 18, 424, 
16, 17, 425, 
15, 16, 426, 
14, 15, 427, 
13, 14, 2664, 
12, 13, 428, 
11, 12, 429, 
10, 11, 430, 
9, 10, 431, 
8, 9, 368, 
7, 8, 369, 
6, 7, 370, 
5, 6, 371, 
4, 5, 372, 
3, 4, 373, 
2, 3, 374, 
1, 2, 375, 
0, 1, 414, 
29, 0, 579, 
579, 2742, 29, 
414, 579, 0, 
375, 414, 1, 
374, 375, 2, 
373, 374, 3, 
372, 373, 4, 
371, 372, 5, 
370, 371, 6, 
369, 370, 7, 
368, 369, 8, 
431, 368, 9, 
430, 431, 10, 
429, 430, 11, 
428, 429, 12, 
2664, 428, 13, 
427, 2664, 14, 
426, 427, 15, 
425, 426, 16, 
424, 425, 17, 
423, 424, 18, 
2980, 423, 19, 
422, 2627, 20, 
421, 422, 21, 
420, 421, 22, 
419, 420, 23, 
418, 419, 24, 
595, 418, 25, 
416, 595, 26, 
415, 416, 27, 
469, 470, 2670, 
1367, 1470, 1523, 
1469, 1367, 30, 
1468, 1469, 31, 
1467, 1468, 32, 
1466, 1467, 33, 
1465, 1466, 34, 
1464, 1465, 35, 
1463, 1464, 36, 
1462, 1463, 37, 
1461, 1462, 38, 
1460, 1461, 39, 
1459, 1460, 40, 
1458, 1459, 41, 
1457, 1458, 42, 
599, 1457, 43, 
1456, 599, 44, 
1455, 1456, 45, 
1495, 1455, 46, 
1496, 1495, 47, 
1497, 1496, 48, 
2748, 1497, 49, 
1477, 634, 50, 
1476, 1477, 51, 
1475, 1476, 52, 
1474, 1475, 53, 
1473, 1474, 54, 
1351, 1473, 55, 
1472, 1351, 56, 
1471, 1472, 57, 
1525, 1508, 2832, 
1791, 1790, 1789, 
1792, 1789, 1788, 
121, 120, 119, 
122, 119, 118, 
1310, 1893, 1850, 
1311, 1310, 1349, 
1312, 1311, 1348, 
1313, 1312, 1347, 
1314, 1313, 1346, 
1315, 1314, 1345, 
1316, 1315, 1344, 
1317, 1316, 1343, 
1318, 1317, 1342, 
1319, 1318, 1341, 
1320, 1319, 1340, 
1321, 1320, 1339, 
1322, 1321, 1338, 
2825, 1322, 1337, 
1324, 1323, 2826, 
1325, 1324, 1335, 
1326, 1325, 1334, 
1327, 1326, 1333, 
1328, 1327, 1332, 
1329, 1328, 1331, 
1329, 1330, 1870, 
1872, 1914, 1286, 
1329, 1286, 1291, 
1328, 1291, 1292, 
1327, 1292, 1293, 
1326, 1293, 1294, 
1325, 1294, 1295, 
1324, 1295, 2824, 
2825, 1296, 1297, 
1322, 1297, 1298, 
1321, 1298, 1299, 
1320, 1299, 1300, 
1319, 1300, 1301, 
1318, 1301, 1302, 
1317, 1302, 1303, 
1316, 1303, 1304, 
1315, 1304, 1305, 
1314, 1305, 1306, 
1313, 1306, 1307, 
1312, 1307, 1308, 
1311, 1308, 1309, 
1893, 1310, 1309, 
1059, 2179, 1894, 
1060, 1059, 1309, 
1061, 1060, 1308, 
1062, 1061, 1307, 
1063, 1062, 1306, 
1064, 1063, 1305, 
1065, 1064, 1304, 
1066, 1065, 1303, 
1067, 1066, 1302, 
1068, 1067, 1301, 
1069, 1068, 1300, 
1070, 1069, 1299, 
1071, 1070, 1298, 
2786, 1071, 1297, 
1073, 1072, 2824, 
1074, 1073, 1295, 
1075, 1074, 1294, 
1076, 1075, 1293, 
1077, 1076, 1292, 
1077, 1291, 1286, 
1078, 1286, 1914, 
1276, 1277, 1289, 
1277, 1281, 1288, 
1281, 1180, 1287, 
1261, 1146, 1287, 
1241, 1266, 1945, 
1241, 1920, 1921, 
1278, 1923, 1924, 
1279, 1924, 1925, 
1925, 1929, 1270, 
1236, 1980, 1926, 
1235, 1236, 1284, 
1208, 1235, 1283, 
1269, 1270, 1929, 
1268, 1269, 1930, 
1267, 1268, 1931, 
1266, 1267, 1932, 
1682, 2817, 2907, 
1179, 1280, 1146, 
1279, 1282, 1281, 
1280, 1275, 1289, 
1275, 1280, 1179, 
1179, 1175, 1171, 
1278, 1279, 1277, 
1275, 1274, 1290, 
1274, 1275, 1273, 
1272, 1273, 1171, 
1271, 1171, 1167, 
1180, 1281, 1282, 
1146, 1280, 1288, 
1262, 1180, 1270, 
1263, 1262, 1269, 
1264, 1263, 1268, 
1265, 1264, 1267, 
1240, 1265, 1266, 
1240, 1242, 1254, 
1265, 1254, 1255, 
1264, 1255, 1256, 
1263, 1256, 1257, 
1262, 1257, 1258, 
1180, 1258, 1259, 
1146, 1261, 1177, 
1261, 1260, 1176, 
1181, 1260, 1261, 
1181, 1259, 1258, 
1248, 1258, 1257, 
1250, 1257, 1256, 
1251, 1256, 1255, 
1253, 1255, 1254, 
1252, 1254, 1242, 
1247, 1251, 1253, 
1246, 1253, 1252, 
1245, 1252, 1243, 
1251, 1247, 1147, 
1250, 1147, 1249, 
1248, 1249, 1145, 
1247, 1120, 1110, 
1120, 1247, 1246, 
1121, 1246, 1245, 
1122, 1245, 1244, 
1123, 1244, 1243, 
1124, 1243, 1242, 
1125, 1242, 1240, 
1126, 1285, 1921, 
1166, 1208, 1239, 
1166, 1237, 2823, 
1234, 1983, 1980, 
1233, 1234, 1236, 
1207, 1233, 1235, 
1232, 1987, 1983, 
1224, 1232, 1234, 
1206, 1224, 1233, 
1232, 1224, 1223, 
1231, 1223, 1222, 
1230, 1222, 1221, 
1229, 1221, 1220, 
1228, 1220, 1212, 
1227, 1212, 1211, 
1987, 1232, 1231, 
1989, 1231, 1230, 
1991, 1230, 1229, 
1993, 1229, 1228, 
1995, 1228, 1227, 
1997, 1227, 1226, 
1998, 1226, 1225, 
1210, 2017, 1999, 
1210, 1225, 1226, 
1223, 1224, 1206, 
1222, 1223, 1219, 
1221, 1222, 1218, 
1220, 1221, 1217, 
1212, 1220, 1216, 
1211, 1212, 1215, 
1196, 1209, 1210, 
1219, 1206, 1205, 
1218, 1219, 1204, 
1217, 1218, 1203, 
1216, 1217, 1202, 
1215, 1216, 1201, 
1214, 1215, 1200, 
1213, 1214, 1199, 
1196, 1213, 1198, 
1195, 1194, 1209, 
1213, 1210, 1211, 
2017, 1210, 1209, 
2019, 1209, 1194, 
1208, 1166, 1164, 
1206, 1207, 1164, 
1164, 1162, 1182, 
1205, 1182, 1183, 
1204, 1183, 1184, 
1203, 1184, 1185, 
1202, 1185, 1186, 
1201, 1186, 1187, 
1200, 1187, 1188, 
1199, 1188, 1189, 
1198, 1189, 1190, 
1197, 1190, 1191, 
1196, 1191, 1193, 
1192, 2036, 2033, 
1192, 1194, 1195, 
1159, 1160, 1193, 
1161, 2069, 2036, 
1192, 1193, 1160, 
1158, 1159, 1191, 
1157, 1158, 1190, 
1156, 1157, 1189, 
1155, 1156, 1188, 
1154, 1155, 1187, 
1153, 1154, 1186, 
1152, 1153, 1185, 
1151, 1152, 1184, 
1150, 1151, 1183, 
1148, 1150, 1182, 
1181, 1145, 1144, 
1260, 1144, 1143, 
1174, 1175, 1179, 
1173, 1174, 1178, 
1172, 1173, 1177, 
1142, 1172, 1176, 
1170, 1171, 1175, 
1169, 1170, 1174, 
1168, 1169, 1173, 
1141, 1168, 1172, 
1165, 1167, 1171, 
1163, 1165, 1170, 
1149, 1163, 1169, 
1140, 1149, 1168, 
1164, 1166, 2822, 
1162, 1164, 2821, 
1148, 1162, 2820, 
1138, 2093, 2069, 
1137, 1138, 1161, 
1136, 1137, 1160, 
1135, 1136, 1159, 
1134, 1135, 1158, 
1133, 1134, 1157, 
1132, 1133, 1156, 
1131, 1132, 1155, 
1130, 1131, 1154, 
1129, 1130, 1153, 
1127, 1129, 1152, 
1127, 1151, 1150, 
1128, 1150, 1148, 
1139, 1148, 2819, 
1147, 1110, 1109, 
1249, 1109, 1108, 
1145, 1108, 1107, 
1144, 1107, 1106, 
1143, 1106, 1105, 
1142, 1105, 1104, 
1141, 1104, 2794, 
1100, 1139, 2818, 
1139, 1100, 1099, 
1119, 2114, 2093, 
1118, 1119, 1138, 
1117, 1118, 1137, 
1116, 1117, 1136, 
1115, 1116, 1135, 
1114, 1115, 1134, 
1113, 1114, 1133, 
1112, 1113, 1132, 
1111, 1112, 1131, 
1102, 1111, 1130, 
1101, 1102, 1129, 
1127, 1128, 1099, 
1126, 1240, 1241, 
2816, 2817, 1682, 
2815, 2816, 1683, 
2814, 2815, 1684, 
2813, 2814, 1685, 
2812, 2813, 1686, 
2811, 2812, 1687, 
2801, 2811, 1688, 
259, 2915, 2810, 
1703, 2810, 2809, 
1702, 2809, 2808, 
1701, 2808, 2807, 
1700, 2807, 2806, 
845, 2806, 2805, 
1699, 2805, 2804, 
1698, 2804, 2803, 
1697, 2803, 2802, 
1665, 2802, 2792, 
2800, 2801, 1689, 
2799, 2800, 1690, 
2798, 2799, 1691, 
2797, 2798, 621, 
2796, 2797, 669, 
2795, 2796, 674, 
2793, 2795, 1692, 
2790, 2793, 1693, 
1696, 2792, 2791, 
1695, 2791, 2788, 
2788, 2789, 2872, 
2336, 914, 1098, 
914, 913, 1097, 
913, 912, 1096, 
912, 911, 1095, 
911, 910, 1094, 
910, 899, 1079, 
2180, 1058, 1093, 
1058, 1057, 1092, 
1057, 1056, 1091, 
1056, 1055, 1090, 
1055, 1054, 1089, 
1054, 1053, 1088, 
1053, 1052, 1087, 
1052, 1051, 1086, 
1051, 1050, 1085, 
1050, 1049, 1084, 
1049, 1048, 1083, 
1048, 1002, 1082, 
1002, 993, 1081, 
993, 994, 1080, 
899, 896, 2787, 
2158, 2243, 1000, 
1078, 1000, 999, 
1077, 999, 998, 
1076, 998, 997, 
1075, 997, 996, 
1074, 996, 995, 
1073, 995, 2772, 
2786, 2773, 2771, 
1071, 2771, 2774, 
1070, 2774, 2775, 
1069, 2775, 2776, 
1068, 2776, 2777, 
1067, 2777, 2778, 
1066, 2778, 2779, 
1501, 1358, 597, 
1356, 1357, 597, 
1456, 1501, 596, 
600, 1513, 45, 
1513, 600, 877, 
1813, 1803, 603, 
1804, 603, 610, 
1824, 1813, 602, 
1834, 1824, 605, 
1844, 1834, 606, 
1592, 1804, 609, 
659, 604, 934, 
604, 662, 935, 
662, 611, 936, 
1410, 1503, 612, 
1409, 1410, 613, 
1408, 1409, 614, 
1406, 1408, 615, 
1394, 1406, 616, 
1393, 1394, 617, 
552, 1393, 618, 
619, 1717, 716, 
1734, 1717, 619, 
621, 1691, 692, 
1817, 1799, 623, 
1407, 1800, 623, 
1396, 1407, 624, 
1395, 1396, 625, 
549, 1395, 626, 
1828, 1817, 622, 
1838, 1828, 627, 
1848, 1838, 628, 
1363, 1364, 598, 
598, 1364, 1353, 
1420, 1356, 1353, 
1492, 1376, 631, 
1360, 1499, 631, 
1493, 1492, 630, 
1477, 1493, 633, 
635, 1518, 51, 
1518, 635, 871, 
632, 637, 1359, 
637, 1355, 1358, 
637, 1362, 1363, 
637, 632, 1361, 
638, 639, 1380, 
1382, 640, 638, 
1383, 641, 640, 
1384, 642, 641, 
1385, 643, 642, 
1386, 644, 643, 
1387, 645, 644, 
1388, 646, 645, 
1389, 647, 646, 
1390, 648, 647, 
1392, 649, 648, 
1391, 650, 649, 
1377, 651, 650, 
1378, 652, 651, 
1379, 653, 652, 
1380, 639, 653, 
638, 640, 653, 
640, 641, 652, 
641, 642, 651, 
642, 643, 650, 
643, 644, 649, 
644, 645, 648, 
645, 646, 647, 
1410, 654, 655, 
654, 847, 657, 
658, 659, 933, 
658, 660, 661, 
660, 2888, 1627, 
663, 604, 659, 
664, 662, 604, 
610, 611, 662, 
665, 619, 715, 
666, 667, 672, 
620, 619, 665, 
669, 621, 691, 
670, 665, 714, 
1627, 1593, 671, 
668, 665, 670, 
674, 669, 690, 
609, 610, 664, 
664, 663, 672, 
663, 661, 1627, 
1738, 1739, 676, 
1665, 1696, 676, 
1697, 1665, 677, 
1698, 1697, 678, 
1699, 1698, 679, 
681, 1700, 845, 
1701, 1700, 681, 
1702, 1701, 682, 
1703, 1702, 683, 
259, 1703, 684, 
1705, 1738, 675, 
2877, 1705, 685, 
1736, 1579, 686, 
1735, 1736, 687, 
673, 1735, 688, 
668, 673, 689, 
620, 668, 690, 
1734, 620, 691, 
1733, 1734, 692, 
1732, 1733, 693, 
1731, 1732, 694, 
1730, 1731, 695, 
1729, 1730, 696, 
1728, 1729, 697, 
1727, 1728, 698, 
1726, 1727, 699, 
1704, 1726, 700, 
218, 1704, 701, 
1601, 1600, 703, 
1615, 1714, 703, 
1614, 1615, 704, 
706, 1613, 835, 
1612, 1613, 706, 
1611, 1612, 707, 
1610, 1611, 708, 
327, 1610, 709, 
2875, 1601, 702, 
1602, 1577, 710, 
1593, 1602, 711, 
671, 1593, 712, 
666, 671, 713, 
608, 666, 714, 
1592, 608, 715, 
1591, 1592, 716, 
1590, 1591, 717, 
1589, 1590, 718, 
1588, 1589, 719, 
1587, 1588, 720, 
1586, 1587, 721, 
1585, 1586, 722, 
1584, 2878, 723, 
1583, 1584, 724, 
1582, 1583, 725, 
1581, 1582, 726, 
1580, 1581, 727, 
360, 1580, 728, 
1838, 1848, 729, 
1828, 1838, 730, 
1817, 1828, 731, 
1799, 1817, 732, 
1405, 1799, 733, 
1398, 1405, 734, 
1397, 1398, 735, 
546, 1397, 736, 
1830, 1840, 738, 
1820, 1830, 737, 
1809, 1820, 739, 
1807, 1809, 740, 
1403, 1807, 741, 
1402, 1403, 742, 
1401, 1402, 743, 
540, 1401, 744, 
1830, 1820, 746, 
1818, 1829, 746, 
1798, 1818, 747, 
1404, 1798, 748, 
1400, 1404, 749, 
1399, 1400, 750, 
543, 1399, 751, 
1840, 1830, 745, 
1848, 629, 754, 
729, 1848, 755, 
1849, 729, 756, 
752, 1849, 757, 
1840, 752, 758, 
738, 1840, 759, 
1841, 738, 760, 
1842, 1841, 761, 
1843, 1842, 762, 
607, 1843, 763, 
1844, 607, 764, 
1844, 765, 942, 
1845, 1794, 766, 
1846, 1845, 767, 
1847, 1846, 768, 
1574, 769, 1544, 
1560, 770, 769, 
1561, 771, 770, 
771, 1561, 826, 
1563, 773, 772, 
1564, 1537, 773, 
1365, 774, 773, 
774, 775, 772, 
776, 771, 825, 
776, 777, 770, 
778, 769, 770, 
1543, 1544, 769, 
778, 779, 1542, 
777, 780, 779, 
776, 781, 780, 
781, 776, 824, 
774, 783, 782, 
774, 1365, 1507, 
779, 784, 1541, 
784, 785, 601, 
785, 786, 1540, 
786, 787, 1539, 
787, 788, 1538, 
788, 789, 1527, 
789, 790, 1528, 
790, 791, 636, 
791, 792, 1529, 
792, 793, 1530, 
793, 794, 1531, 
794, 795, 1532, 
795, 796, 1533, 
796, 797, 1534, 
797, 798, 1535, 
798, 799, 1536, 
799, 783, 1507, 
800, 784, 779, 
801, 785, 784, 
802, 786, 785, 
803, 787, 786, 
804, 788, 787, 
805, 789, 788, 
806, 790, 789, 
807, 791, 790, 
808, 792, 791, 
809, 793, 792, 
810, 794, 793, 
811, 795, 794, 
812, 796, 795, 
813, 797, 796, 
814, 798, 797, 
815, 799, 798, 
782, 783, 799, 
816, 800, 780, 
817, 801, 800, 
818, 802, 801, 
819, 803, 802, 
820, 804, 803, 
821, 805, 804, 
807, 806, 805, 
782, 815, 822, 
815, 814, 828, 
814, 813, 829, 
813, 812, 830, 
812, 811, 831, 
816, 781, 823, 
775, 782, 823, 
772, 775, 824, 
1562, 772, 825, 
2861, 1562, 826, 
817, 816, 822, 
818, 817, 828, 
819, 818, 829, 
820, 819, 830, 
832, 808, 807, 
810, 809, 808, 
820, 831, 832, 
831, 811, 810, 
1597, 706, 834, 
1614, 705, 834, 
1655, 1614, 835, 
1664, 1655, 836, 
1762, 1664, 837, 
1681, 1762, 838, 
1672, 1681, 839, 
1621, 1672, 840, 
1710, 1621, 841, 
1742, 1710, 842, 
680, 1742, 843, 
1699, 680, 844, 
2883, 1597, 833, 
1409, 1408, 1545, 
1547, 1410, 1409, 
1548, 654, 1410, 
1549, 847, 654, 
918, 919, 964, 
1551, 849, 859, 
1552, 850, 849, 
1553, 851, 850, 
827, 852, 851, 
2863, 853, 852, 
1555, 854, 2760, 
1556, 855, 854, 
2867, 856, 855, 
1558, 857, 884, 
1559, 1406, 857, 
1545, 1408, 1406, 
2870, 2859, 858, 
848, 920, 964, 
2843, 2870, 656, 
2828, 2843, 860, 
2830, 2828, 861, 
2842, 2829, 862, 
2841, 2842, 863, 
2840, 2841, 864, 
2839, 2840, 865, 
2838, 2839, 866, 
2837, 2838, 867, 
2836, 2837, 868, 
2835, 2836, 869, 
2751, 2835, 870, 
2834, 2750, 2763, 
2833, 2834, 872, 
2844, 2833, 873, 
2845, 2844, 874, 
2846, 2845, 875, 
2747, 2846, 876, 
2847, 2747, 877, 
2848, 2847, 878, 
2849, 2848, 879, 
2850, 2849, 880, 
1573, 2850, 881, 
1557, 1573, 882, 
856, 2867, 883, 
1394, 885, 857, 
1393, 886, 885, 
552, 2368, 886, 
887, 884, 857, 
888, 856, 884, 
889, 855, 856, 
890, 887, 885, 
2363, 890, 886, 
2362, 891, 890, 
888, 887, 890, 
892, 889, 888, 
891, 2362, 2359, 
900, 893, 2874, 
893, 894, 1625, 
894, 895, 1603, 
955, 957, 973, 
657, 847, 2766, 
957, 2765, 974, 
2753, 901, 900, 
2752, 902, 901, 
2752, 931, 917, 
655, 657, 897, 
1503, 655, 903, 
612, 1503, 904, 
899, 910, 976, 
910, 911, 977, 
911, 912, 978, 
912, 913, 979, 
913, 914, 980, 
914, 2336, 2269, 
1795, 612, 905, 
1796, 1795, 906, 
1797, 1796, 907, 
1819, 1797, 908, 
1794, 1819, 909, 
766, 1794, 915, 
931, 898, 918, 
898, 2759, 919, 
919, 2759, 965, 
848, 921, 922, 
921, 923, 924, 
923, 925, 926, 
932, 943, 957, 
944, 945, 961, 
921, 859, 927, 
946, 947, 951, 
946, 926, 925, 
897, 2766, 2767, 
903, 897, 933, 
904, 903, 934, 
905, 904, 935, 
906, 905, 936, 
907, 906, 937, 
908, 907, 938, 
909, 908, 939, 
915, 909, 940, 
916, 915, 941, 
943, 932, 962, 
920, 948, 963, 
948, 949, 966, 
949, 950, 967, 
920, 922, 924, 
924, 926, 949, 
926, 946, 950, 
952, 951, 953, 
945, 944, 954, 
956, 955, 972, 
896, 899, 975, 
950, 958, 968, 
946, 952, 958, 
958, 959, 969, 
958, 952, 954, 
944, 960, 959, 
959, 960, 970, 
962, 932, 955, 
956, 960, 944, 
960, 956, 971, 
917, 918, 963, 
902, 917, 966, 
901, 902, 967, 
900, 901, 968, 
893, 900, 969, 
894, 893, 970, 
895, 894, 971, 
1603, 895, 972, 
1604, 1603, 973, 
1605, 2881, 2768, 
846, 1605, 975, 
1606, 846, 976, 
1607, 1606, 977, 
1608, 1607, 978, 
1609, 1608, 979, 
329, 1609, 980, 
2759, 2856, 1550, 
1550, 2761, 848, 
859, 921, 848, 
859, 849, 928, 
849, 850, 929, 
850, 930, 981, 
930, 982, 983, 
982, 984, 985, 
984, 2263, 2262, 
986, 987, 851, 
930, 850, 851, 
852, 853, 988, 
2760, 854, 989, 
854, 855, 889, 
986, 982, 930, 
982, 986, 990, 
986, 988, 2770, 
2769, 989, 992, 
992, 989, 889, 
2254, 992, 892, 
2253, 991, 992, 
2252, 990, 2770, 
2263, 984, 990, 
2765, 957, 1081, 
2772, 995, 1079, 
995, 996, 1094, 
996, 997, 1095, 
997, 998, 1096, 
998, 999, 1097, 
999, 1000, 1098, 
1000, 2243, 2136, 
957, 1001, 1082, 
943, 1003, 1001, 
1003, 1004, 1005, 
1003, 943, 961, 
1004, 1006, 1007, 
1006, 1008, 1009, 
1008, 1010, 1011, 
1010, 1012, 1013, 
1012, 1014, 1015, 
1014, 1016, 1017, 
1016, 1018, 1019, 
1018, 1020, 1021, 
1020, 1022, 1023, 
1022, 1024, 1025, 
1024, 2217, 2216, 
2215, 1026, 985, 
2213, 1027, 1026, 
2217, 1024, 1027, 
1026, 1028, 983, 
1027, 1029, 1028, 
1024, 1022, 1029, 
1028, 1030, 981, 
1029, 1031, 1030, 
1022, 1020, 1031, 
1030, 1032, 929, 
1031, 1033, 1032, 
1020, 1018, 1033, 
1032, 1034, 928, 
1033, 1035, 1034, 
1018, 1016, 1035, 
1034, 1036, 927, 
1035, 1037, 1036, 
1016, 1014, 1037, 
1036, 1038, 923, 
1037, 1039, 1038, 
1014, 1012, 1039, 
923, 1038, 1040, 
1041, 947, 925, 
1042, 951, 947, 
1043, 953, 951, 
1044, 945, 953, 
1004, 961, 945, 
1045, 1040, 1038, 
1046, 1041, 1040, 
1043, 1042, 1047, 
1042, 1041, 1046, 
1047, 1006, 1004, 
1046, 1008, 1006, 
1045, 1010, 1008, 
1039, 1012, 1010, 
1001, 1005, 1083, 
1005, 1007, 1084, 
1007, 1009, 1085, 
1009, 1011, 1086, 
1011, 1013, 1087, 
1013, 1015, 1088, 
1015, 1017, 1089, 
1017, 1019, 1090, 
1019, 1021, 1091, 
1021, 1023, 1092, 
1023, 1025, 1093, 
1025, 2216, 2142, 
2179, 1059, 2785, 
1060, 2784, 2785, 
1061, 2783, 2784, 
1062, 2782, 2783, 
1063, 2781, 2782, 
1350, 1524, 57, 
1472, 1484, 1352, 
1484, 1372, 1354, 
1064, 2780, 2781, 
1358, 1355, 598, 
1065, 2779, 2780, 
1372, 1422, 1353, 
1357, 1356, 1420, 
1357, 1418, 1416, 
1357, 1502, 596, 
1359, 1358, 1501, 
1360, 1359, 1500, 
1376, 1361, 632, 
1362, 1361, 1376, 
1363, 1362, 1375, 
1364, 1363, 1374, 
1364, 1373, 1354, 
1424, 1422, 1372, 
1447, 1424, 1371, 
1449, 1447, 1370, 
1451, 1449, 1368, 
1526, 1366, 861, 
1366, 1526, 31, 
1469, 1487, 1369, 
1487, 1453, 1368, 
1370, 1488, 1369, 
1488, 1370, 1371, 
1481, 1371, 1372, 
1373, 1489, 1352, 
1489, 1373, 1374, 
1490, 1374, 1375, 
1492, 1491, 1375, 
1499, 1498, 630, 
1392, 1390, 1429, 
1391, 1392, 1428, 
1426, 1377, 1391, 
1378, 1377, 1426, 
1379, 1378, 1415, 
1380, 1379, 1414, 
1381, 1380, 1413, 
1382, 1381, 1412, 
1383, 1382, 1411, 
1384, 1383, 1445, 
1385, 1384, 1446, 
1386, 1385, 1444, 
1387, 1386, 1433, 
1388, 1387, 1432, 
1389, 1388, 1431, 
1390, 1389, 1430, 
1395, 549, 2645, 
1396, 1395, 618, 
1407, 1396, 617, 
1397, 546, 2636, 
1398, 1397, 626, 
1405, 1398, 625, 
1399, 543, 2521, 
1400, 1399, 736, 
1404, 1400, 735, 
1401, 540, 2504, 
1402, 1401, 751, 
1403, 1402, 750, 
1632, 307, 2512, 
1634, 1632, 744, 
1640, 1634, 743, 
1806, 1640, 742, 
1807, 1403, 749, 
1798, 1404, 734, 
1799, 1405, 624, 
1800, 1407, 616, 
1801, 1800, 615, 
1802, 1801, 614, 
1795, 1802, 613, 
611, 1803, 937, 
603, 1803, 611, 
1448, 1445, 1411, 
1425, 1411, 1412, 
1423, 1412, 1413, 
1421, 1413, 1414, 
1419, 1414, 1415, 
1417, 1415, 1426, 
1434, 1504, 1416, 
1417, 1416, 1418, 
1419, 1418, 1420, 
1421, 1420, 1422, 
1423, 1422, 1424, 
1425, 1424, 1447, 
1435, 1434, 1426, 
1436, 1435, 1427, 
1437, 1436, 1428, 
1438, 1437, 1429, 
1439, 1438, 1430, 
1440, 1439, 1431, 
1441, 1440, 1432, 
1442, 1441, 1433, 
1504, 1434, 1435, 
1505, 1435, 1436, 
1506, 1436, 1437, 
1478, 1437, 1438, 
1479, 1438, 1439, 
1482, 1439, 1440, 
1483, 1440, 1441, 
1480, 1441, 1442, 
1442, 1443, 1452, 
1485, 1442, 1454, 
1443, 1433, 1444, 
1452, 1444, 1446, 
1446, 1445, 1448, 
1448, 1447, 1449, 
1450, 1449, 1451, 
1452, 1451, 1453, 
1486, 1454, 1453, 
1498, 1494, 633, 
1499, 1500, 1455, 
1500, 1501, 1456, 
1502, 1457, 599, 
1502, 1416, 1458, 
1416, 1504, 1459, 
1504, 1505, 1460, 
1505, 1506, 1461, 
1506, 1478, 1462, 
1478, 1479, 1463, 
1479, 1482, 1464, 
1482, 1483, 1465, 
1483, 1480, 1466, 
1480, 1485, 1467, 
1485, 1486, 1468, 
1486, 1487, 1469, 
1488, 1470, 1367, 
1488, 1481, 1471, 
1481, 1484, 1472, 
1489, 1473, 1351, 
1489, 1490, 1474, 
1490, 1491, 1475, 
1491, 1492, 1476, 
1492, 1493, 1477, 
1494, 1497, 2748, 
1494, 1498, 1496, 
1515, 1516, 48, 
1516, 1517, 49, 
1517, 2749, 2671, 
1518, 1519, 52, 
1519, 1520, 53, 
1520, 1521, 54, 
1521, 1522, 55, 
1522, 1350, 56, 
1524, 1525, 417, 
1470, 1471, 417, 
1514, 1515, 47, 
1566, 1567, 34, 
1567, 1568, 35, 
1569, 1570, 37, 
2831, 1366, 30, 
1526, 1565, 32, 
1498, 1499, 1495, 
1513, 1514, 46, 
1571, 1572, 39, 
1570, 1571, 38, 
1568, 1569, 36, 
1565, 1566, 33, 
1512, 600, 44, 
1511, 1512, 43, 
1510, 1511, 42, 
1509, 1510, 41, 
1572, 1509, 40, 
1508, 1525, 863, 
1509, 1572, 882, 
1565, 1526, 860, 
1516, 1515, 874, 
1517, 1516, 873, 
2749, 1517, 872, 
1519, 1518, 870, 
1520, 1519, 869, 
1521, 1520, 868, 
1522, 1521, 867, 
2827, 1522, 866, 
1524, 2827, 865, 
1525, 1524, 864, 
1366, 2831, 2762, 
1515, 1514, 875, 
1514, 1513, 876, 
600, 1512, 878, 
1512, 1511, 879, 
1511, 1510, 880, 
1510, 1509, 881, 
1572, 2868, 2764, 
1574, 2865, 2864, 
1560, 2864, 2862, 
1561, 2862, 2757, 
1562, 2861, 2860, 
1563, 2860, 2858, 
2857, 1565, 656, 
1565, 2857, 2855, 
1566, 2855, 2854, 
1567, 2854, 2853, 
1568, 2853, 2852, 
1569, 2852, 2851, 
1570, 2851, 2869, 
1571, 2869, 2868, 
2871, 2866, 2865, 
1575, 1693, 687, 
2887, 1601, 2875, 
1737, 1578, 2755, 
1736, 1715, 2876, 
149, 1766, 1580, 
1766, 1765, 1581, 
1765, 1763, 1582, 
1763, 1764, 1583, 
1764, 1750, 1584, 
1750, 2895, 2878, 
1759, 1650, 1586, 
1650, 1651, 1587, 
1651, 1652, 1588, 
1652, 1653, 1589, 
1653, 1654, 1590, 
1654, 1805, 1591, 
1805, 1804, 1592, 
608, 609, 667, 
1627, 2888, 1602, 
1594, 345, 2550, 
1595, 1594, 709, 
1596, 1595, 708, 
1597, 1596, 707, 
705, 1598, 833, 
1599, 1598, 705, 
1600, 1599, 704, 
1714, 1737, 702, 
1602, 2888, 2873, 
2887, 2879, 1600, 
2879, 2880, 1599, 
2880, 2882, 1598, 
1598, 2882, 2758, 
2883, 2884, 1596, 
2884, 2885, 1595, 
2885, 2886, 1594, 
2886, 2688, 345, 
1610, 327, 270, 
1611, 1610, 1659, 
1612, 1611, 1658, 
1612, 1657, 1656, 
1613, 1656, 836, 
1614, 1655, 1618, 
1615, 1618, 1713, 
215, 1706, 1616, 
1666, 1713, 1618, 
1712, 1666, 1617, 
1711, 1712, 1619, 
1710, 1711, 1620, 
1622, 1709, 842, 
1708, 1709, 1622, 
1707, 1708, 1623, 
1706, 1707, 1624, 
2876, 1715, 711, 
1715, 1716, 712, 
1716, 670, 713, 
306, 307, 1632, 
305, 306, 1633, 
304, 305, 1631, 
303, 304, 1630, 
302, 303, 1629, 
162, 302, 1628, 
1756, 1755, 1628, 
1639, 1628, 1629, 
1638, 1629, 1630, 
1637, 1630, 1631, 
1636, 1631, 1633, 
1633, 1632, 1634, 
1635, 1634, 1640, 
1636, 1635, 1641, 
1637, 1636, 1642, 
1638, 1637, 1643, 
1639, 1638, 1644, 
1756, 1639, 1645, 
1641, 1640, 1806, 
1642, 1641, 1760, 
1643, 1642, 1649, 
1644, 1643, 1648, 
1645, 1644, 1647, 
1757, 1645, 1646, 
1650, 1759, 1758, 
1651, 1650, 1646, 
1652, 1651, 1647, 
1653, 1652, 1648, 
1654, 1653, 1649, 
1654, 1760, 1806, 
1723, 1724, 2756, 
1722, 1723, 722, 
1721, 1722, 721, 
1720, 1721, 720, 
1719, 1720, 719, 
1718, 1719, 718, 
1655, 1664, 1617, 
1656, 1663, 837, 
1663, 1656, 1657, 
1662, 1657, 1658, 
1661, 1658, 1659, 
1659, 270, 268, 
1660, 268, 258, 
1661, 1660, 1674, 
1662, 1661, 1676, 
1663, 1662, 1678, 
1663, 1680, 838, 
1664, 1762, 1619, 
1739, 1667, 677, 
1739, 1713, 1666, 
1746, 173, 2577, 
1674, 258, 257, 
257, 256, 1668, 
1673, 1668, 1669, 
1677, 1675, 1669, 
1679, 1677, 1670, 
1668, 256, 320, 
1669, 1668, 1616, 
1670, 1669, 1624, 
1671, 1670, 1623, 
1671, 1622, 841, 
1679, 1671, 840, 
1681, 1672, 1621, 
1674, 1673, 1675, 
1676, 1675, 1677, 
1678, 1677, 1679, 
1680, 1679, 839, 
1762, 1681, 1620, 
1682, 155, 2559, 
1693, 1692, 688, 
1683, 1682, 701, 
1684, 1683, 700, 
1685, 1684, 699, 
1686, 1685, 698, 
1687, 1686, 697, 
1688, 1687, 696, 
1689, 1688, 695, 
1690, 1689, 694, 
1691, 1690, 693, 
1692, 674, 689, 
1694, 2872, 2754, 
1695, 1694, 685, 
1696, 1695, 675, 
1667, 1740, 678, 
1740, 1741, 679, 
1741, 1742, 680, 
1743, 681, 844, 
1743, 1744, 682, 
1744, 1745, 683, 
1745, 1746, 684, 
1704, 218, 2684, 
1704, 1761, 1725, 
1717, 1718, 717, 
1737, 1714, 1738, 
1734, 1733, 1718, 
1716, 1735, 673, 
1726, 1725, 1724, 
1727, 1724, 1723, 
1728, 1723, 1722, 
1729, 1722, 1721, 
1730, 1721, 1720, 
1731, 1720, 1719, 
1732, 1719, 1718, 
1735, 1716, 1715, 
1737, 1705, 2877, 
1738, 1714, 1713, 
1712, 1740, 1667, 
1740, 1712, 1711, 
1741, 1711, 1710, 
1709, 1743, 843, 
1743, 1709, 1708, 
1744, 1708, 1707, 
1745, 1707, 1706, 
1746, 1706, 215, 
2679, 2891, 1754, 
110, 1776, 1747, 
1776, 1775, 1748, 
1775, 1774, 1749, 
1749, 1774, 725, 
1764, 1773, 1751, 
1773, 1772, 1752, 
1772, 1771, 1753, 
2891, 2892, 1753, 
2892, 2893, 1752, 
1771, 1770, 1754, 
2893, 2894, 1751, 
1770, 111, 172, 
2894, 2895, 1750, 
2889, 1749, 724, 
2889, 2890, 1748, 
2890, 2896, 1747, 
2896, 2683, 171, 
1779, 1778, 727, 
1763, 1765, 1767, 
1774, 1779, 726, 
1778, 1777, 728, 
1767, 1765, 1766, 
1777, 100, 2530, 
1768, 1766, 149, 
1769, 1768, 147, 
1808, 1769, 146, 
1781, 1808, 145, 
1786, 1780, 1767, 
1784, 1785, 1767, 
1783, 1784, 1768, 
1782, 1783, 1769, 
1782, 1808, 1781, 
1776, 110, 100, 
112, 111, 1770, 
1772, 1786, 1787, 
1786, 1772, 1773, 
1778, 1775, 1776, 
1779, 1774, 1775, 
1793, 1788, 1782, 
1781, 1770, 1771, 
1789, 1790, 1784, 
1790, 1791, 1785, 
1792, 1793, 1787, 
1791, 1792, 1786, 
1845, 1835, 1819, 
1803, 1813, 938, 
1813, 1824, 939, 
1835, 1825, 1797, 
1818, 1798, 733, 
1809, 1807, 748, 
1800, 1816, 622, 
1801, 1815, 1816, 
1802, 1814, 1815, 
1814, 1802, 1795, 
1804, 1812, 602, 
1805, 1811, 1812, 
1806, 1810, 1811, 
1810, 1806, 741, 
1820, 1809, 747, 
1821, 1810, 740, 
1810, 1821, 1822, 
1811, 1822, 1823, 
1812, 1823, 605, 
1825, 1814, 1796, 
1814, 1825, 1826, 
1815, 1826, 1827, 
1816, 1827, 627, 
1829, 1818, 732, 
1780, 1773, 1764, 
1835, 1836, 1826, 
1845, 1846, 1836, 
1829, 1839, 745, 
1831, 1821, 739, 
1832, 1822, 1821, 
1833, 1823, 1822, 
1823, 1833, 606, 
1824, 1834, 940, 
1837, 1827, 1826, 
1827, 1837, 628, 
1839, 1829, 731, 
1839, 1849, 752, 
1841, 1831, 737, 
1842, 1832, 1831, 
1843, 1833, 1832, 
1833, 1843, 607, 
1834, 1844, 941, 
1847, 1837, 1836, 
1837, 1847, 629, 
1849, 1839, 730, 
629, 1847, 753, 
1789, 1783, 1782, 
1893, 1892, 1851, 
1892, 1891, 1852, 
1891, 1890, 1853, 
1890, 1889, 1854, 
1889, 1888, 1855, 
1888, 1887, 1856, 
1887, 1886, 1857, 
1886, 1885, 1858, 
1885, 1884, 1859, 
1884, 1883, 1860, 
1883, 1882, 1861, 
1882, 1881, 1862, 
1881, 1880, 1863, 
1880, 2898, 2897, 
1879, 1878, 1865, 
1878, 1877, 1866, 
1877, 1876, 1867, 
1876, 1875, 1868, 
1875, 1874, 1869, 
1874, 1873, 1871, 
1871, 1873, 1872, 
1914, 1872, 1873, 
1919, 1873, 1874, 
1913, 1874, 1875, 
1912, 1875, 1876, 
1911, 1876, 1877, 
1910, 1877, 1878, 
1909, 1878, 1879, 
2899, 2898, 1880, 
1907, 1880, 1881, 
1906, 1881, 1882, 
1905, 1882, 1883, 
1904, 1883, 1884, 
1903, 1884, 1885, 
1902, 1885, 1886, 
1901, 1886, 1887, 
1900, 1887, 1888, 
1899, 1888, 1889, 
1898, 1889, 1890, 
1897, 1890, 1891, 
1896, 1891, 1892, 
1892, 1893, 1894, 
2179, 2178, 1895, 
2178, 2177, 1896, 
2177, 2176, 1897, 
2176, 2175, 1898, 
2175, 2174, 1899, 
2174, 2173, 1900, 
2173, 2172, 1901, 
2172, 2171, 1902, 
2171, 2170, 1903, 
2170, 2169, 1904, 
2169, 2168, 1905, 
2168, 2167, 1906, 
2167, 2166, 1907, 
2166, 2940, 2899, 
2165, 2164, 1909, 
2164, 2163, 1910, 
2163, 2162, 1911, 
2162, 2161, 1912, 
2161, 2160, 1913, 
1913, 2160, 2159, 
1919, 2159, 2158, 
1938, 1939, 1915, 
1934, 1938, 1916, 
2050, 1934, 1917, 
2085, 1955, 1957, 
1950, 1975, 1920, 
1920, 1975, 1922, 
1923, 1937, 1936, 
1924, 1936, 1933, 
1929, 1925, 1933, 
1980, 1981, 1927, 
1981, 1982, 1928, 
1982, 2020, 1977, 
1946, 1947, 1930, 
1947, 1948, 1931, 
1948, 1949, 1932, 
1949, 1950, 1945, 
2908, 241, 2673, 
1935, 2051, 2052, 
1933, 1936, 1938, 
1940, 1935, 1917, 
1935, 1940, 1942, 
2055, 2051, 1942, 
1936, 1937, 1939, 
1941, 1940, 1916, 
1940, 1941, 1943, 
1942, 1943, 1944, 
2059, 1944, 2900, 
1934, 2050, 1946, 
1935, 2085, 1918, 
2050, 1954, 1947, 
1954, 1953, 1948, 
1953, 1952, 1949, 
1952, 1951, 1950, 
1951, 1976, 1975, 
1974, 1976, 1951, 
1962, 1951, 1952, 
1961, 1952, 1953, 
1960, 1953, 1954, 
1959, 1954, 2050, 
1958, 2050, 1918, 
1955, 2085, 2052, 
1956, 1955, 2053, 
1956, 2049, 1957, 
1957, 2049, 1968, 
1958, 1968, 1966, 
1959, 1966, 1965, 
1960, 1965, 1963, 
1961, 1963, 1964, 
1962, 1964, 1973, 
1965, 1969, 1970, 
1963, 1970, 1971, 
1964, 1971, 1972, 
1969, 1965, 1966, 
2084, 1966, 1968, 
1967, 1968, 2049, 
2113, 1969, 2084, 
1969, 2113, 2112, 
1970, 2112, 2111, 
1971, 2111, 2110, 
1972, 2110, 2109, 
1973, 2109, 2108, 
1974, 2108, 2107, 
1922, 2107, 2906, 
2020, 2064, 1979, 
1979, 2064, 2063, 
1983, 1984, 1981, 
1984, 1985, 1982, 
1985, 2021, 2020, 
1987, 1986, 1984, 
1986, 2002, 1985, 
2002, 2022, 2021, 
2002, 1986, 1988, 
2003, 1988, 1990, 
2004, 1990, 1992, 
2005, 1992, 1994, 
2006, 1994, 1996, 
2014, 1996, 2000, 
1986, 1987, 1989, 
1988, 1989, 1991, 
1990, 1991, 1993, 
1992, 1993, 1995, 
1994, 1995, 1997, 
1996, 1997, 1998, 
2000, 1998, 1999, 
2017, 2016, 2001, 
2001, 2016, 2015, 
2002, 2003, 2007, 
2003, 2004, 2008, 
2004, 2005, 2009, 
2005, 2006, 2010, 
2006, 2014, 2011, 
2014, 2015, 2012, 
2018, 2032, 2013, 
2022, 2007, 2024, 
2007, 2008, 2025, 
2008, 2009, 2026, 
2009, 2010, 2027, 
2010, 2011, 2028, 
2011, 2012, 2029, 
2012, 2013, 2030, 
2013, 2032, 2031, 
2035, 2034, 2032, 
2016, 2013, 2012, 
2016, 2017, 2019, 
2018, 2019, 2033, 
2064, 2020, 2021, 
2021, 2022, 2023, 
2068, 2066, 2023, 
2048, 2023, 2024, 
2047, 2024, 2025, 
2046, 2025, 2026, 
2045, 2026, 2027, 
2044, 2027, 2028, 
2043, 2028, 2029, 
2042, 2029, 2030, 
2041, 2030, 2031, 
2040, 2031, 2032, 
2039, 2032, 2034, 
2036, 2038, 2035, 
2035, 2038, 2037, 
2071, 2072, 2039, 
2069, 2070, 2038, 
2037, 2038, 2070, 
2072, 2073, 2040, 
2073, 2074, 2041, 
2074, 2075, 2042, 
2075, 2076, 2043, 
2076, 2077, 2044, 
2077, 2078, 2045, 
2078, 2079, 2046, 
2079, 2080, 2047, 
2080, 2081, 2048, 
2081, 2083, 2068, 
2086, 2049, 1956, 
2087, 1956, 2054, 
2055, 2056, 2052, 
2056, 2057, 2053, 
2057, 2058, 2054, 
2058, 2089, 2088, 
2059, 2060, 2056, 
2060, 2061, 2057, 
2061, 2062, 2058, 
2062, 2090, 2089, 
2901, 2065, 2060, 
2065, 2067, 2061, 
2061, 2067, 2082, 
2082, 2091, 2090, 
2064, 2066, 2902, 
2066, 2068, 2903, 
2068, 2083, 2904, 
2093, 2094, 2070, 
2094, 2095, 2071, 
2095, 2096, 2072, 
2096, 2097, 2073, 
2097, 2098, 2074, 
2098, 2099, 2075, 
2099, 2100, 2076, 
2100, 2101, 2077, 
2101, 2102, 2078, 
2102, 2103, 2079, 
2103, 2105, 2080, 
2080, 2105, 2104, 
2081, 2104, 2092, 
2904, 2083, 2092, 
2124, 2084, 1967, 
2125, 1967, 2086, 
2126, 2086, 2087, 
2127, 2087, 2088, 
2128, 2088, 2089, 
2129, 2089, 2090, 
2130, 2090, 2091, 
2905, 2092, 2134, 
2134, 2092, 2104, 
2114, 2115, 2094, 
2115, 2116, 2095, 
2116, 2117, 2096, 
2117, 2118, 2097, 
2118, 2119, 2098, 
2119, 2120, 2099, 
2120, 2121, 2100, 
2121, 2122, 2101, 
2122, 2123, 2102, 
2123, 2132, 2103, 
2132, 2133, 2105, 
2104, 2105, 2133, 
1976, 2107, 1922, 
2908, 2909, 240, 
2909, 2910, 239, 
2910, 2911, 238, 
2911, 2912, 237, 
2912, 2913, 236, 
2913, 2914, 235, 
2914, 2925, 234, 
2915, 259, 220, 
2916, 220, 221, 
2917, 221, 222, 
2918, 222, 223, 
2919, 223, 2410, 
2920, 2410, 224, 
2921, 224, 225, 
2922, 225, 226, 
2923, 226, 262, 
2924, 262, 227, 
2925, 2926, 233, 
2926, 2927, 232, 
2927, 2928, 2642, 
2928, 2929, 2593, 
2929, 2930, 2588, 
2930, 2931, 231, 
2931, 2932, 230, 
2932, 2937, 365, 
2934, 227, 228, 
2935, 228, 229, 
2936, 2938, 229, 
2337, 2336, 2136, 
2338, 2337, 2137, 
2339, 2338, 2138, 
2340, 2339, 2139, 
2341, 2340, 2140, 
2352, 2341, 2141, 
2942, 2180, 2142, 
2182, 2942, 2143, 
2183, 2182, 2144, 
2184, 2183, 2145, 
2185, 2184, 2146, 
2186, 2185, 2147, 
2187, 2186, 2148, 
2188, 2187, 2149, 
2189, 2188, 2150, 
2190, 2189, 2151, 
2191, 2190, 2152, 
2241, 2191, 2153, 
2251, 2241, 2154, 
2250, 2251, 2155, 
2355, 2352, 2157, 
2243, 2158, 2159, 
2244, 2159, 2160, 
2245, 2160, 2161, 
2246, 2161, 2162, 
2247, 2162, 2163, 
2248, 2163, 2164, 
2249, 2164, 2165, 
2955, 2940, 2166, 
2956, 2166, 2167, 
2953, 2167, 2168, 
2952, 2168, 2169, 
2951, 2169, 2170, 
2950, 2170, 2171, 
2949, 2171, 2172, 
587, 439, 2668, 
588, 589, 2666, 
439, 484, 2665, 
2665, 484, 15, 
2664, 427, 2379, 
105, 94, 2662, 
2661, 104, 2655, 
94, 83, 2659, 
83, 73, 2658, 
73, 63, 2657, 
104, 347, 2656, 
2660, 2603, 2317, 
2600, 2660, 2316, 
2653, 2600, 2315, 
437, 530, 2651, 
530, 531, 2650, 
531, 532, 2649, 
532, 534, 2648, 
534, 550, 2647, 
550, 551, 2646, 
551, 552, 2645, 
203, 2644, 2544, 
203, 186, 2643, 
232, 2642, 2570, 
109, 90, 2641, 
108, 533, 2639, 
533, 547, 2638, 
547, 548, 2637, 
548, 549, 2636, 
90, 79, 2635, 
79, 69, 2634, 
69, 59, 2633, 
581, 582, 590, 
581, 2666, 589, 
589, 520, 518, 
569, 448, 2632, 
441, 585, 2630, 
448, 447, 2629, 
447, 463, 2628, 
2628, 463, 21, 
2627, 422, 2385, 
2625, 2630, 585, 
590, 2625, 586, 
583, 2625, 590, 
2630, 2625, 583, 
2623, 2624, 564, 
2622, 563, 564, 
2621, 562, 563, 
2620, 561, 562, 
2619, 560, 561, 
2618, 559, 560, 
2617, 558, 559, 
2616, 557, 558, 
2615, 556, 557, 
2614, 555, 556, 
2613, 553, 555, 
2612, 554, 553, 
2611, 568, 554, 
2610, 567, 568, 
2609, 566, 567, 
2623, 565, 566, 
2622, 2624, 2623, 
2621, 2622, 2609, 
2620, 2621, 2610, 
2619, 2620, 2611, 
2618, 2619, 2612, 
2617, 2618, 2613, 
2616, 2617, 2614, 
2608, 530, 437, 
2408, 2608, 2607, 
2603, 2604, 2319, 
2602, 2604, 2603, 
2685, 2602, 2601, 
2660, 2599, 2601, 
2600, 2598, 2599, 
2653, 2654, 2598, 
2644, 2597, 2545, 
2595, 2596, 2591, 
2644, 2643, 2594, 
2642, 2593, 2571, 
2597, 2592, 2546, 
346, 308, 2590, 
2597, 2594, 2589, 
2593, 2588, 2572, 
2654, 2655, 2595, 
2599, 2598, 2595, 
2601, 2599, 2590, 
181, 182, 2587, 
227, 262, 2585, 
262, 226, 2584, 
226, 225, 2583, 
225, 224, 2582, 
223, 2581, 2411, 
223, 222, 2580, 
222, 221, 2579, 
221, 220, 2578, 
220, 259, 2577, 
182, 216, 2576, 
216, 361, 2575, 
2697, 184, 2574, 
184, 185, 2573, 
185, 2589, 2572, 
2589, 2594, 2571, 
2594, 2643, 2570, 
2643, 186, 2569, 
186, 187, 2568, 
187, 188, 2567, 
188, 189, 2566, 
189, 190, 2565, 
190, 191, 2564, 
191, 192, 2563, 
192, 193, 2562, 
193, 194, 2561, 
194, 217, 2560, 
217, 2682, 2974, 
338, 337, 2558, 
206, 321, 2556, 
321, 322, 2555, 
323, 2554, 2421, 
323, 324, 2553, 
324, 325, 2552, 
325, 326, 2551, 
326, 327, 2550, 
337, 363, 2549, 
2699, 336, 2548, 
336, 346, 2547, 
346, 2591, 2546, 
2591, 2596, 2545, 
2596, 2656, 2544, 
2656, 347, 2543, 
347, 348, 2542, 
348, 349, 2541, 
349, 350, 2540, 
350, 351, 2539, 
351, 352, 2538, 
352, 353, 2537, 
353, 2696, 2536, 
354, 355, 2535, 
355, 356, 2534, 
356, 357, 2533, 
357, 358, 2532, 
358, 359, 2531, 
359, 360, 2530, 
59, 69, 2528, 
69, 79, 2527, 
79, 90, 2526, 
90, 109, 2525, 
109, 535, 2524, 
535, 544, 2523, 
544, 545, 2522, 
545, 546, 2521, 
67, 77, 2520, 
77, 87, 2518, 
87, 98, 2517, 
98, 101, 2516, 
101, 537, 2515, 
537, 538, 2514, 
538, 539, 2513, 
539, 540, 2512, 
87, 77, 2511, 
78, 89, 2509, 
89, 113, 2508, 
113, 536, 2507, 
536, 541, 2506, 
541, 542, 2505, 
542, 543, 2504, 
77, 67, 2503, 
2633, 59, 2500, 
59, 2529, 2499, 
2529, 58, 2498, 
58, 2503, 2497, 
2503, 67, 2496, 
67, 2519, 2495, 
2519, 66, 2494, 
66, 65, 2493, 
65, 64, 2492, 
64, 2657, 2491, 
2657, 63, 2490, 
2490, 63, 2309, 
117, 62, 2488, 
62, 61, 2487, 
61, 60, 2502, 
2486, 366, 2703, 
2485, 380, 366, 
2484, 379, 380, 
379, 2484, 2430, 
2482, 377, 378, 
403, 2704, 377, 
2481, 580, 403, 
2480, 2481, 2482, 
2484, 2479, 2431, 
2478, 2479, 2484, 
2486, 2477, 2478, 
396, 397, 2477, 
2476, 2477, 397, 
2475, 2478, 2477, 
2474, 2479, 2478, 
2479, 2474, 2432, 
2472, 2481, 2480, 
580, 2481, 2472, 
2471, 2476, 398, 
2470, 2471, 399, 
2469, 2470, 2663, 
2468, 2469, 400, 
2467, 2468, 401, 
2466, 2467, 402, 
2465, 2466, 413, 
2464, 2465, 412, 
2463, 2464, 2626, 
2462, 2463, 411, 
2461, 2462, 410, 
2460, 2461, 409, 
2459, 2460, 408, 
2458, 2459, 407, 
2457, 2458, 406, 
2456, 2457, 405, 
2472, 2456, 404, 
2471, 2455, 2475, 
2470, 2454, 2455, 
2469, 2453, 2454, 
2468, 2452, 2453, 
2467, 2451, 2452, 
2466, 2450, 2451, 
2465, 2449, 2450, 
2464, 2448, 2449, 
2463, 2447, 2448, 
2462, 2446, 2447, 
2461, 2445, 2446, 
2460, 2444, 2445, 
2459, 2443, 2444, 
2458, 2442, 2443, 
2457, 2441, 2442, 
2456, 2440, 2441, 
2472, 2473, 2440, 
2455, 2439, 2474, 
2454, 2438, 2439, 
2453, 2437, 2438, 
2452, 2436, 2437, 
2451, 2435, 2436, 
2450, 2434, 2435, 
2449, 2448, 2434, 
2440, 2473, 2432, 
2441, 2440, 2433, 
2442, 2441, 2427, 
2443, 2442, 2426, 
2444, 2443, 2425, 
2474, 2439, 2433, 
2473, 2480, 2431, 
2480, 2483, 2430, 
2483, 378, 2429, 
378, 2713, 2428, 
2439, 2438, 2427, 
2438, 2437, 2426, 
2437, 2436, 2425, 
2436, 2435, 2424, 
2447, 2423, 2434, 
2446, 2445, 2423, 
2424, 2435, 2434, 
2444, 2424, 2423, 
2554, 341, 2422, 
2555, 322, 2420, 
322, 274, 2419, 
274, 263, 2418, 
263, 153, 2417, 
153, 242, 2416, 
242, 251, 2415, 
251, 314, 2414, 
314, 210, 2413, 
210, 178, 2412, 
178, 2582, 2411, 
2582, 224, 2410, 
341, 2691, 2409, 
532, 531, 394, 
530, 393, 394, 
2608, 392, 393, 
2408, 391, 392, 
2331, 2332, 2287, 
2406, 2716, 2397, 
2405, 388, 2716, 
2404, 387, 388, 
2403, 2971, 387, 
2402, 386, 2971, 
2401, 385, 2712, 
2400, 384, 385, 
2399, 2708, 384, 
2398, 382, 2372, 
534, 381, 382, 
532, 395, 381, 
2715, 376, 2606, 
2330, 2407, 2285, 
376, 2731, 2395, 
2731, 2745, 2394, 
2745, 2744, 2393, 
2743, 2732, 2392, 
2732, 2733, 2391, 
2733, 2734, 2390, 
2734, 2735, 2389, 
2735, 2736, 2388, 
2736, 2737, 2387, 
2737, 2738, 2386, 
2738, 2739, 2385, 
2739, 2979, 2384, 
2978, 2740, 2383, 
2740, 2741, 2382, 
2741, 2730, 2381, 
2730, 2729, 2380, 
2729, 2728, 2379, 
2728, 2982, 2378, 
2982, 2727, 2377, 
2727, 2726, 2376, 
2726, 2725, 2375, 
2725, 2724, 2374, 
2724, 367, 2373, 
367, 383, 2964, 
2708, 2399, 2371, 
2370, 550, 534, 
2369, 551, 550, 
2368, 552, 551, 
2371, 2367, 2370, 
2399, 2366, 2367, 
2400, 2365, 2366, 
2367, 2364, 2369, 
2364, 2363, 2368, 
2361, 2362, 2363, 
2367, 2366, 2361, 
2365, 2360, 2361, 
2362, 2361, 2360, 
2358, 2351, 309, 
2357, 2358, 2701, 
2356, 2357, 310, 
2293, 2295, 2278, 
2408, 2605, 2354, 
2963, 2293, 2277, 
2350, 2976, 309, 
2349, 2977, 2976, 
2961, 2977, 2349, 
2605, 2607, 2348, 
2607, 437, 2347, 
437, 2652, 2346, 
2341, 2352, 2275, 
2340, 2341, 2274, 
2339, 2340, 2273, 
2338, 2339, 2272, 
2337, 2338, 2271, 
2336, 2337, 2270, 
2652, 116, 2345, 
116, 115, 2344, 
115, 114, 2343, 
114, 88, 2342, 
88, 117, 2335, 
117, 2489, 2334, 
2353, 2961, 2333, 
2969, 2353, 2332, 
2969, 2331, 2286, 
2329, 2407, 2330, 
2327, 2329, 2328, 
2325, 2327, 2326, 
2307, 2318, 2295, 
2305, 2306, 2288, 
2396, 2329, 2327, 
2303, 2304, 2298, 
2324, 2304, 2303, 
2962, 2354, 2317, 
2354, 2348, 2316, 
2348, 2347, 2315, 
2347, 2346, 2314, 
2346, 2345, 2313, 
2345, 2344, 2312, 
2344, 2343, 2311, 
2343, 2342, 2310, 
2342, 2335, 2309, 
2335, 2334, 2308, 
2318, 2307, 2289, 
2302, 2330, 2286, 
2301, 2302, 2287, 
2300, 2301, 2284, 
2328, 2330, 2302, 
2324, 2326, 2302, 
2304, 2324, 2301, 
2299, 2298, 2296, 
2306, 2305, 2297, 
2295, 2294, 2279, 
2352, 2355, 2276, 
2292, 2300, 2283, 
2298, 2304, 2300, 
2291, 2292, 2282, 
2298, 2292, 2291, 
2290, 2306, 2296, 
2290, 2291, 2281, 
2318, 2288, 2294, 
2290, 2294, 2288, 
2294, 2290, 2280, 
2332, 2333, 2284, 
2333, 2349, 2283, 
2349, 2350, 2282, 
2350, 2351, 2281, 
2351, 2358, 2280, 
2358, 2357, 2279, 
2357, 2356, 2278, 
2356, 335, 2277, 
335, 334, 2960, 
2694, 333, 2275, 
333, 2970, 2274, 
2970, 332, 2273, 
332, 331, 2272, 
331, 330, 2271, 
330, 328, 2270, 
328, 329, 2269, 
2719, 2969, 2285, 
2397, 390, 2285, 
2329, 2396, 2397, 
2406, 2396, 2323, 
2405, 2406, 2322, 
2320, 2405, 2321, 
2267, 2320, 2268, 
2265, 2267, 2266, 
2263, 2265, 2264, 
2260, 2261, 2403, 
2405, 2320, 2260, 
2402, 2403, 2261, 
2401, 2968, 2959, 
2400, 2401, 2258, 
2267, 2261, 2260, 
2261, 2267, 2265, 
2259, 2261, 2257, 
2258, 2959, 2958, 
2258, 2255, 2360, 
2255, 2254, 2359, 
2958, 2253, 2254, 
2257, 2252, 2957, 
2265, 2263, 2252, 
2293, 2963, 2156, 
2249, 2954, 2939, 
2248, 2249, 2157, 
2247, 2248, 2141, 
2246, 2247, 2140, 
2245, 2246, 2139, 
2244, 2245, 2138, 
2243, 2244, 2137, 
2242, 2293, 2155, 
2240, 2307, 2293, 
2239, 2240, 2242, 
2307, 2240, 2239, 
2237, 2239, 2238, 
2235, 2237, 2236, 
2233, 2235, 2234, 
2231, 2233, 2232, 
2229, 2231, 2230, 
2227, 2229, 2228, 
2225, 2227, 2226, 
2223, 2225, 2224, 
2221, 2223, 2222, 
2219, 2221, 2220, 
2217, 2219, 2218, 
2214, 2215, 2262, 
2212, 2213, 2215, 
2219, 2217, 2213, 
2211, 2214, 2264, 
2210, 2212, 2214, 
2221, 2219, 2212, 
2209, 2211, 2266, 
2208, 2210, 2211, 
2223, 2221, 2210, 
2207, 2209, 2268, 
2206, 2208, 2209, 
2225, 2223, 2208, 
2205, 2207, 2321, 
2204, 2206, 2207, 
2227, 2225, 2206, 
2203, 2205, 2322, 
2202, 2204, 2205, 
2229, 2227, 2204, 
2201, 2203, 2323, 
2200, 2202, 2203, 
2231, 2229, 2202, 
2201, 2327, 2325, 
2303, 2198, 2199, 
2299, 2197, 2198, 
2297, 2196, 2197, 
2305, 2195, 2196, 
2289, 2239, 2195, 
2199, 2194, 2200, 
2198, 2193, 2194, 
2197, 2196, 2195, 
2198, 2197, 2192, 
2237, 2192, 2195, 
2235, 2193, 2192, 
2233, 2194, 2193, 
2231, 2200, 2194, 
2238, 2242, 2154, 
2236, 2238, 2153, 
2234, 2236, 2152, 
2232, 2234, 2151, 
2230, 2232, 2150, 
2228, 2230, 2149, 
2226, 2228, 2148, 
2224, 2226, 2147, 
2222, 2224, 2146, 
2220, 2222, 2145, 
2218, 2220, 2144, 
2216, 2218, 2143, 
2178, 2179, 2941, 
2943, 2177, 2178, 
2944, 2176, 2177, 
2945, 2175, 2176, 
2946, 2174, 2175, 
594, 468, 27, 
456, 468, 594, 
573, 456, 593, 
2947, 2173, 2174, 
590, 587, 2667, 
2948, 2172, 2173, 
518, 573, 591, 
589, 588, 522, 
522, 588, 438, 
438, 588, 2667, 
587, 586, 440, 
586, 585, 441, 
584, 569, 2631, 
584, 583, 570, 
583, 582, 571, 
582, 581, 572, 
572, 581, 592, 
518, 516, 574, 
516, 493, 575, 
493, 491, 577, 
491, 489, 487, 
579, 414, 2395, 
578, 471, 1, 
453, 471, 578, 
487, 453, 576, 
452, 575, 577, 
575, 452, 459, 
574, 459, 456, 
451, 572, 591, 
572, 451, 450, 
571, 450, 449, 
449, 448, 569, 
442, 441, 2631, 
555, 553, 512, 
553, 554, 513, 
568, 514, 513, 
568, 567, 525, 
567, 566, 526, 
566, 565, 527, 
565, 564, 528, 
564, 563, 529, 
563, 562, 495, 
562, 561, 494, 
561, 560, 496, 
560, 559, 507, 
559, 558, 508, 
558, 557, 509, 
557, 556, 510, 
556, 555, 511, 
549, 548, 2646, 
548, 547, 2647, 
547, 533, 2648, 
546, 545, 2637, 
545, 544, 2638, 
544, 535, 2639, 
543, 542, 2522, 
542, 541, 2523, 
541, 536, 2524, 
540, 539, 2505, 
539, 538, 2506, 
538, 537, 2507, 
307, 297, 2513, 
297, 295, 2514, 
295, 289, 2515, 
289, 102, 2516, 
537, 101, 2508, 
536, 113, 2525, 
535, 109, 2640, 
533, 108, 2649, 
108, 107, 2650, 
107, 106, 2651, 
106, 116, 2652, 
105, 2653, 2314, 
105, 2661, 2654, 
495, 492, 515, 
529, 515, 517, 
528, 517, 519, 
527, 519, 521, 
526, 521, 523, 
525, 523, 506, 
436, 506, 523, 
524, 523, 521, 
522, 521, 519, 
520, 519, 517, 
518, 517, 515, 
516, 515, 492, 
506, 505, 513, 
505, 504, 512, 
504, 503, 511, 
503, 502, 510, 
502, 501, 509, 
501, 500, 508, 
500, 499, 507, 
499, 498, 497, 
506, 436, 435, 
505, 435, 434, 
504, 434, 462, 
503, 462, 461, 
502, 461, 458, 
501, 458, 457, 
500, 457, 460, 
499, 460, 455, 
497, 498, 486, 
498, 455, 454, 
507, 497, 488, 
496, 488, 490, 
495, 494, 490, 
493, 492, 490, 
491, 490, 488, 
489, 488, 486, 
486, 454, 453, 
446, 442, 2632, 
440, 441, 445, 
439, 440, 485, 
483, 438, 2668, 
524, 438, 483, 
436, 524, 482, 
435, 436, 481, 
434, 435, 480, 
462, 434, 479, 
461, 462, 478, 
458, 461, 477, 
457, 458, 476, 
460, 457, 475, 
455, 460, 474, 
454, 455, 473, 
453, 454, 472, 
470, 452, 576, 
459, 452, 470, 
456, 459, 469, 
467, 451, 593, 
450, 451, 467, 
449, 450, 466, 
448, 449, 465, 
447, 448, 464, 
443, 446, 2629, 
442, 446, 443, 
445, 444, 18, 
444, 443, 19, 
443, 2981, 2669, 
463, 464, 22, 
464, 465, 23, 
465, 466, 24, 
466, 467, 25, 
467, 594, 26, 
468, 469, 28, 
432, 415, 28, 
485, 445, 17, 
473, 474, 4, 
474, 475, 5, 
476, 477, 7, 
470, 578, 0, 
471, 472, 2, 
441, 442, 444, 
484, 485, 16, 
478, 479, 9, 
477, 478, 8, 
475, 476, 6, 
472, 473, 3, 
483, 2665, 14, 
482, 483, 13, 
481, 482, 12, 
480, 481, 11, 
479, 480, 10, 
415, 432, 2966, 
368, 431, 2374, 
414, 375, 2606, 
425, 424, 2382, 
424, 423, 2383, 
423, 2980, 2965, 
422, 421, 2386, 
421, 420, 2387, 
420, 419, 2388, 
419, 418, 2389, 
418, 2746, 2390, 
2746, 416, 2391, 
416, 415, 2392, 
2742, 579, 2394, 
426, 425, 2381, 
427, 426, 2380, 
428, 2664, 2378, 
429, 428, 2377, 
430, 429, 2376, 
431, 430, 2375, 
2706, 368, 2373, 
2709, 366, 380, 
2710, 380, 379, 
2711, 379, 2429, 
2713, 378, 377, 
2714, 377, 2704, 
375, 2717, 2967, 
2717, 375, 374, 
2718, 374, 373, 
2720, 373, 372, 
2721, 372, 371, 
2722, 371, 370, 
2723, 370, 369, 
2705, 369, 368, 
2707, 2703, 366, 
230, 365, 2975, 
337, 2686, 2700, 
2698, 183, 2558, 
205, 184, 2697, 
148, 149, 360, 
150, 148, 359, 
152, 150, 358, 
151, 152, 357, 
167, 151, 356, 
2674, 167, 355, 
279, 157, 2696, 
278, 279, 353, 
277, 278, 352, 
276, 277, 351, 
275, 276, 350, 
103, 275, 349, 
104, 103, 348, 
2655, 2656, 2596, 
2685, 308, 346, 
345, 344, 2551, 
344, 343, 2552, 
343, 342, 2553, 
342, 341, 2554, 
340, 2555, 2421, 
340, 339, 2556, 
339, 338, 2557, 
183, 206, 2557, 
2685, 336, 2699, 
2695, 2686, 337, 
2693, 2695, 338, 
2692, 2693, 339, 
2692, 340, 2422, 
2690, 2691, 341, 
2689, 2690, 342, 
2687, 2689, 343, 
2688, 2687, 344, 
327, 326, 269, 
326, 325, 271, 
325, 324, 272, 
272, 324, 323, 
273, 323, 2420, 
274, 322, 321, 
317, 321, 206, 
214, 215, 320, 
207, 261, 318, 
261, 208, 316, 
208, 209, 315, 
209, 210, 314, 
211, 313, 2414, 
211, 212, 312, 
212, 213, 311, 
213, 214, 319, 
205, 362, 2973, 
204, 205, 2548, 
2592, 204, 2547, 
307, 306, 296, 
306, 305, 298, 
305, 304, 299, 
304, 303, 300, 
303, 302, 301, 
302, 162, 161, 
161, 160, 290, 
301, 290, 291, 
300, 291, 292, 
299, 292, 293, 
298, 293, 294, 
297, 296, 294, 
295, 294, 288, 
294, 293, 287, 
293, 292, 286, 
292, 291, 285, 
291, 290, 284, 
290, 160, 159, 
289, 288, 156, 
288, 287, 280, 
287, 286, 281, 
286, 285, 282, 
285, 284, 283, 
284, 159, 158, 
157, 279, 283, 
279, 278, 282, 
278, 277, 281, 
277, 276, 280, 
276, 275, 156, 
156, 275, 103, 
196, 197, 2537, 
197, 198, 2538, 
198, 199, 2539, 
199, 200, 2540, 
200, 201, 2541, 
201, 202, 2542, 
263, 274, 317, 
264, 273, 2419, 
273, 264, 265, 
272, 265, 266, 
271, 266, 267, 
270, 269, 267, 
268, 267, 249, 
267, 266, 247, 
266, 265, 245, 
265, 264, 243, 
243, 264, 2418, 
153, 263, 318, 
260, 181, 2586, 
207, 181, 260, 
173, 174, 2578, 
258, 249, 250, 
256, 257, 250, 
255, 250, 248, 
248, 246, 253, 
246, 244, 252, 
256, 255, 319, 
255, 254, 311, 
254, 253, 312, 
253, 252, 313, 
313, 252, 2415, 
252, 244, 2416, 
251, 242, 315, 
250, 249, 247, 
248, 247, 245, 
246, 245, 243, 
244, 243, 2417, 
242, 153, 316, 
2673, 241, 2560, 
231, 230, 2574, 
241, 240, 2561, 
240, 239, 2562, 
239, 238, 2563, 
238, 237, 2564, 
237, 236, 2565, 
236, 235, 2566, 
235, 234, 2567, 
234, 233, 2568, 
233, 232, 2569, 
2588, 231, 2573, 
2702, 229, 2576, 
229, 228, 2587, 
228, 227, 2586, 
180, 260, 2585, 
179, 180, 2584, 
178, 179, 2583, 
2581, 177, 2412, 
176, 177, 2581, 
175, 176, 2580, 
174, 175, 2579, 
2682, 217, 154, 
154, 217, 194, 
202, 203, 2543, 
206, 183, 216, 
187, 186, 203, 
185, 204, 2592, 
195, 194, 193, 
196, 193, 192, 
197, 192, 191, 
198, 191, 190, 
199, 190, 189, 
200, 189, 188, 
201, 188, 187, 
204, 185, 184, 
216, 183, 2698, 
206, 182, 181, 
180, 208, 261, 
208, 180, 179, 
209, 179, 178, 
177, 211, 2413, 
211, 177, 176, 
212, 176, 175, 
213, 175, 174, 
214, 174, 173, 
2678, 2679, 172, 
135, 110, 171, 
136, 135, 170, 
137, 136, 169, 
137, 168, 2535, 
138, 151, 167, 
139, 138, 166, 
140, 139, 165, 
2677, 2678, 163, 
2676, 2677, 164, 
141, 140, 164, 
2675, 2676, 165, 
111, 141, 163, 
2674, 2675, 166, 
168, 2681, 2972, 
2680, 2681, 168, 
2672, 2680, 169, 
2683, 2672, 170, 
133, 132, 2533, 
150, 152, 131, 
132, 137, 2534, 
134, 133, 2532, 
150, 144, 143, 
100, 134, 2531, 
148, 143, 147, 
143, 142, 146, 
142, 99, 145, 
99, 130, 112, 
131, 125, 126, 
126, 127, 143, 
127, 128, 142, 
128, 129, 99, 
99, 129, 124, 
110, 135, 134, 
111, 112, 130, 
125, 139, 140, 
139, 125, 131, 
136, 133, 134, 
137, 132, 133, 
123, 118, 124, 
141, 130, 124, 
121, 122, 128, 
120, 121, 127, 
118, 119, 125, 
119, 120, 126, 
72, 62, 117, 
94, 105, 2313, 
83, 94, 2312, 
82, 72, 88, 
113, 89, 2526, 
101, 98, 2509, 
91, 108, 2640, 
92, 107, 108, 
93, 106, 107, 
106, 93, 115, 
95, 104, 2661, 
96, 103, 104, 
97, 102, 103, 
102, 97, 2517, 
98, 87, 2510, 
97, 86, 2518, 
86, 97, 96, 
85, 96, 95, 
84, 95, 2662, 
93, 82, 114, 
82, 93, 92, 
81, 92, 91, 
80, 91, 2641, 
89, 78, 2527, 
138, 131, 152, 
71, 72, 82, 
61, 62, 72, 
68, 78, 2510, 
86, 76, 2520, 
85, 75, 76, 
84, 74, 75, 
74, 84, 2659, 
73, 83, 2311, 
80, 70, 71, 
70, 80, 2635, 
78, 68, 2528, 
58, 68, 2511, 
76, 66, 2519, 
75, 65, 66, 
74, 64, 65, 
64, 74, 2658, 
63, 73, 2310, 
70, 60, 61, 
60, 70, 2634, 
68, 58, 2529, 
60, 2633, 2501, 
128, 122, 123, 
