2, 1, 0, 
5, 4, 3, 
8, 7, 6, 
11, 10, 9, 
14, 13, 12, 
15, 2, 0, 
14, 15, 13, 
13, 15, 0, 
16, 5, 3, 
2, 16, 1, 
1, 16, 3, 
17, 8, 6, 
5, 17, 4, 
4, 17, 6, 
18, 11, 9, 
8, 18, 7, 
7, 18, 9, 
19, 14, 12, 
11, 19, 10, 
10, 19, 12, 
22, 21, 20, 
15, 14, 21, 
2, 15, 22, 
22, 15, 21, 
21, 23, 20, 
19, 11, 23, 
14, 19, 21, 
21, 19, 23, 
23, 24, 20, 
18, 8, 24, 
11, 18, 23, 
23, 18, 24, 
24, 25, 20, 
17, 5, 25, 
8, 17, 24, 
24, 17, 25, 
25, 22, 20, 
16, 2, 22, 
5, 16, 25, 
25, 16, 22, 
26, 0, 1, 
27, 3, 4, 
28, 6, 7, 
29, 9, 10, 
30, 12, 13, 
31, 0, 26, 
30, 13, 31, 
13, 0, 31, 
32, 3, 27, 
26, 1, 32, 
1, 3, 32, 
33, 6, 28, 
27, 4, 33, 
4, 6, 33, 
34, 9, 29, 
28, 7, 34, 
7, 9, 34, 
35, 12, 30, 
29, 10, 35, 
10, 12, 35, 
38, 36, 37, 
31, 37, 30, 
26, 38, 31, 
38, 37, 31, 
37, 36, 39, 
35, 39, 29, 
30, 37, 35, 
37, 39, 35, 
39, 36, 40, 
34, 40, 28, 
29, 39, 34, 
39, 40, 34, 
40, 36, 41, 
33, 41, 27, 
28, 40, 33, 
40, 41, 33, 
41, 36, 38, 
32, 38, 26, 
27, 41, 32, 
41, 38, 32, 
